9.866135138942099	-1.0446049539525362	5.070131283154701	0.5477726911540444	-8.448119902016835
7.615215352309647	-2.5847944985956985	4.109102204245822	-7.899798100835934	4.065367423182032
1.8901850495855719	-3.0999782376651197	-6.064669863770064	-5.798892717945272	2.983182764602816
1.8178918054829474	3.5432559326912454	5.417735092136539	7.87472487973622	-7.909821264008492
-0.8555618461934635	-0.4874070113657183	-3.331702515034337	7.501717876857974	-3.189588305651938
-2.4152715739142785	-8.27032693619659	-1.2948281769058099	-0.4932970649782895	2.328292757438085
-6.36662172680138	4.748418708127417	1.9079787974550868	5.425540741864147	-3.24169995733563
8.346792721724313	3.604425215511	-7.171225263297064	-5.260092729204629	7.34544444453541
8.49971814882727	-7.782893339818692	-4.125250350044926	-1.5009341630409025	-0.5507913774543098
0.8772326743534791	5.594986893250734	-6.4534833590097165	-4.752245404508848	5.874882416482109
-3.1437993944002613	-0.44971310002519616	3.298387238289152	-8.4955306129666	-3.4326087415829996
-9.538314528317116	7.1683114184222845	4.541505157690715	-7.748254734531113	4.316071007264746
1.9655155481800257	-9.2485237121778	2.936956383722624	3.6988829731074304	-7.236387155046032
1.1987576534883075	2.6373289028787212	0.18524131612163686	4.631523087466526	-6.552268823693609
1.8184465569165127	-4.6682249377989535	-5.13322114539146	-1.8518312318609844	1.877276652407673
2.273038565971092	7.805026388652344	8.833344712169747	-9.48378229751103	2.017174206351548
3.5373154517006924	1.256972224465926	0.974262668995852	1.3839024333029037	0.8374907264219686
6.230241851261752	-8.96922341711398	-9.311085367608037	9.349753559936843	-7.670571251393511
6.808297644683435	-5.347265993735469	-6.73039700800631	6.14823148775902	9.334458411881535
-6.9636559998542324	-7.59524328909805	-6.270334311890366	6.611221808873033	-0.2408207993918552
4.378021249860126	0.5589642919199918	7.24255271106324	8.667092363518528	4.0624722547983225
-1.7555136049647828	-0.6671217331809878	-6.938869340405468	1.0514610577927428	4.52715765889365
3.440096876988406	-2.886049916585268	-6.935777855709048	-4.560206035831094	-3.4881392795588795
-4.528265637856457	8.78538079515522	-7.759197299227353	4.948847712787753	8.929785129384655
2.1273717355206756	5.5197689556011795	6.278727857032834	-3.033436493477616	5.6202488692902435
-6.348556538271946	-1.587101733842072	-1.2281917758733982	0.06954205765782007	-6.019972717707688
-6.357157674022854	2.414469063893364	-0.7031577214447964	4.945087787103233	-3.364374764218777
1.8062844379070455	3.66137060679511	4.848310600290489	-4.438262820743834	6.777665683354364
-5.52406859107478	-1.2903361970047627	-0.4317277426000672	6.273176624932027	-4.567285794169791
-0.5928874347683859	3.753005217198762	6.706213583047223	2.2423557085008525	-7.778015318393695
8.169644583662276	9.313048513073404	-2.699679525594764	8.765994808216739	9.998615590250992
-2.956338051889958	-6.875897475106385	-4.4491578706894295	-6.99346905893146	-4.306300488575104
-2.0688419117168557	-8.381630765852307	1.7476903154623074	-8.602847161811702	8.115461671614199
0.7463808041808662	-0.9463139178442077	5.65058107851258	-5.363453435585235	-8.93483100232541
4.991774457571772	2.9080109593765684	-0.8764055135614228	8.93713683857429	3.7170492513395743
-1.4260208303408994	4.413647792522859	-0.8077334370935318	6.623713898221581	8.437308966761826
6.16108989637133	-0.27586980367368596	-0.04080920043560354	-0.027560254994703826	-4.109793155611147
-4.180803760877076	-5.214399393283511	-4.65791189141526	6.399370923558067	9.724117240156566
-1.4193531793937026	5.430725570116216	4.678732212780375	-0.16001567023290164	-4.0140390164182875
-8.858176411900569	9.887765858997724	8.729334380161262	3.7827197131035675	-8.26211063453243
-3.952015242878211	-9.600452386284495	-8.44772781367596	2.54189670407483	4.091171094584389
-9.11092923089091	-8.24728399573507	1.2567133898692546	-8.70700509303316	8.626571643868473
5.819405926110228	7.613953242385371	-2.1411146520607858	7.966724896803051	-0.20598909639532792
9.589027823919174	-6.4879113899549665	-4.566349341248454	5.068771310584445	-3.307818331212559
-8.505333709474797	-1.52823702158517	8.222176601324918	4.6581410436217965	1.185106328703604
-6.954696482021582	-1.9128120792774475	-7.732921726684371	0.8048452701478084	-8.013550459802271
3.746031262937919	-3.7769486320798933	6.444776806053746	-3.580481733878223	1.071767824700757
7.596723859434235	-7.889181142611541	-9.919279863608367	-9.383999038494451	1.9659233993726453
2.95602366769225	-3.7301842234402542	-6.765236826885918	1.4073259952030384	-4.651386766117337
-4.1171896145862235	6.199349627191644	6.229934134607696	9.455919134634854	-6.363390708941775
8.112014885455004	-6.4198597309894545	-8.089599154320322	-3.133801317735262	-2.0707373536226292
-5.008655837680141	2.696338178597209	3.777189966257147	-2.160064871765787	0.7643447657327762
-1.3871550470425547	-8.388857518254444	-9.715355376305933	2.0148456367935026	0.3249734325494771
2.426627711715682	-9.835080749304673	1.0746083296325963	-8.420518079791108	-5.986949226543409
3.45040108990095	7.559237793848787	7.288477123850626	-5.382840930242956	-4.306790668219328
8.527234576646606	1.98203217295951	-8.192728213155075	8.938219158659344	4.3741681766113345
-5.6766314096727335	6.556467942168837	-6.531822057042916	4.116003695090377	-4.925824743145419
-5.933278828479295	-4.992016070307503	4.983836657917841	-1.8841699088085662	7.246147301895128
-9.22910575858674	-6.75046186218448	5.349291571119885	-2.513766331138683	-4.672965744150233
9.638638945391314	-8.283325899338429	-8.63311005369166	4.213614430470429	8.42463285418048
8.03336360957583	8.10615524368027	8.915683841296527	-2.6199930917319776	-8.008666375524413
-9.996381111183208	-1.4785853252804202	-3.5894541310889068	-4.721120344949622	-5.145499053201014
6.541586558177201	-4.479454477775306	9.633331736269717	2.433472494777021	2.578472193216527
-9.429056973799316	9.582850636406384	0.17264683252373914	4.941230320937258	-6.674803523809381
6.230278955686856	-9.435249763097122	9.30634109962972	5.260468298181024	-1.9187053109443468
-8.871109573676033	-6.423379033327315	-4.125662269950773	2.618926838189523	-4.538187664643235
2.06340911673891	-3.594372350768019	-6.560439996510947	8.4492384733936	9.202573355992143
0.27115058930762714	-5.112360366240331	-4.573516164400946	-9.383741625527733	-5.115392101072178
4.725072408449911	8.62556190699933	-5.623452625127015	-0.16991314586181971	-7.708750442335088
-0.46324293583689524	6.2179513705548715	-8.909648552361173	-3.0481338795728803	4.888873007766371
8.826305956606284	4.7146671108528295	-2.7662496710238536	-8.680199084053996	-1.5413674344674533
3.2929349296209267	0.5493004960305825	0.6441327894762416	0.47682403688397557	-8.456420001679689
1.795969359445241	7.185021514700608	-5.526119470860465	2.168754662038424	-1.3762369435706034
-3.8559062475475443	-7.2152532308970585	-5.068457385124493	8.167086911532571	8.161626646226964
4.326830056858583	8.484007889039724	1.358934125144117	-2.4866007545467497	-4.943819057309099
4.90904843800633	7.624423099769473	-1.4688819396323147	0.03833063999231712	-4.620611372438404
0.46686468335580855	2.1490538492471316	4.920796847504157	-6.156847199268189	3.378829924125533
9.23902380755883	0.17144188349104184	-9.937749469542577	-5.969770988234025	-9.89652266211031
-0.9335592184220758	9.906119424869786	1.3115057646447283	-3.244258440090128	-2.876395137255198
3.3618631934851066	9.443265006269655	-3.4554948998888193	-3.092365117005386	-5.164734494701545
6.434504939113012	7.432616538815097	3.1352801191886783	8.033311792517502	5.0941131856015645
1.2942374297384944	-6.226087615530837	1.5291985023829042	3.8987254885916443	-2.3816822185996642
5.0980423582713215	5.480664470588238	6.928127088077751	-9.511895148532012	5.077716546055065
-3.4683077032582617	4.169204626523147	-0.9163228905612755	-1.0500633131672323	-1.052066598842604
-6.0490133741375764	6.019157387040259	0.16856624155430922	8.778044945859321	-9.506872352251463
-6.955327645289302	3.1739520095571976	-1.57508201136066	8.932960034469751	2.164644002524625
7.699096245111292	2.1729787330466053	-4.254284436025792	-2.3769925540654455	-9.437095363875322
-9.945618783178197	5.797217406273646	9.680038625005842	3.081191807915168	3.9564408376610487
1.1279115655269791	-0.4079117702416788	2.088335154557612	-3.978128426966805	3.108062341462066
-2.5253101330052843	4.140293377816825	9.111929363787134	7.7939278929965	4.4363100627480065
1.8384546039393648	-0.6116235105907784	-0.8632143289146867	-2.0939010924417936	3.016952624189585
2.117394115827885	0.3180991637063322	-1.316270246095229	8.212750642969183	6.075369994825529
-9.18215877402757	-8.591542893313338	-3.4434701151817464	1.3859896469887119	5.986447453335046
-9.261757303857934	6.9469198850822735	-2.278174875269624	7.548109545987643	8.389766573755452
2.461096768091366	4.363772581690412	-0.05003059791683384	9.520709712192286	-9.833104501932933
5.537399302178763	-9.70715683435186	-6.621679019822857	7.198797970503506	5.386933764097471
5.899624107206741	4.7184799814781115	-0.8280727952645535	-5.281482945909172	5.823253155249873
-8.257972140773077	-6.90907204171809	1.4830564040691954	-7.697994504723052	-7.058219750602717
6.159949188347021	7.032372244738447	4.0579486688673825	-5.312297905133192	-9.966858796777775
-0.7523016292048155	-0.2611473222028664	-8.399294314631668	-9.4711032842391	-4.810220678756842
-4.712718755461545	2.8030371650101245	5.089651246162738	-6.471573036739393	-1.698871747001391
-7.5527517343535955	-6.548233661930681	-0.8133360954959592	-1.6007521047995645	-7.008817487383467
8.349482656696175	-5.15220614005149	0.22555151226894665	-7.15035239082556	1.450139149812788
-8.15900507969856	-9.211227811812613	5.032711787353563	8.47652417462038	-4.429381018062092
-6.422867872283533	8.835507976986847	-4.582888648793801	7.75748960459179	-6.3135256435150495
6.3647094161998865	4.850997109993301	9.237980596334495	-0.777683773841904	4.659470389137333
3.4327737897120016	6.8055287020137385	7.381346520914093	6.529406005579055	9.815338808274198
-8.675039658767343	5.477908406572368	-6.603353340841437	-3.2298714990680857	9.38565361027959
5.534466925202096	-7.098431292274224	0.7158647358432937	7.162861574609501	-5.004357711136159
-2.974878446094273	-2.1362639291188046	9.41210461082342	-4.442617484483115	1.771586850684919
-4.431421525777953	6.914208018450594	1.3412208713366454	6.5324938554830965	1.6792448841909433
0.4979136853117936	-4.985252395726935	-4.087691014547644	4.627967565894039	-2.642004993857686
-2.822526328456423	-1.2213016707033475	-3.7476668933010515	-3.7693024879982033	5.549377026241714
1.2387252302104876	-6.746709521528956	-3.2570538327699303	9.445861680901679	-7.597860879904296
8.22643378998174	1.6013965650322888	3.074258393433638	-8.17885069409229	8.037132536641977
1.0155088031644652	8.690985588673037	-2.771134211175685	-1.5132393900968246	-7.192232489614845
1.0329158033032826	-5.523472213600492	-3.156436195784721	-7.451411083753481	8.021996661759914
6.67675477237664	-8.430889015162503	-3.1605429663838436	2.9972991784416223	7.4290458770248335
-6.873903734579088	5.221502052624203	7.1958717683817355	-2.421230165099697	0.3286478693044046
-6.058186380908612	-0.5277133790421509	-2.8185307574415397	-6.1241227060957115	-7.332799342701293
-7.679853177661627	4.751635289711338	3.7266246250180686	2.2366532774168775	7.724662665820155
-5.349109993846845	7.021615467351566	0.5016047586231984	-7.52553610642709	6.915833512721882
5.714628208078651	-8.199247136080864	-4.479492442788743	2.317271030298869	-5.271624021857374
1.2986008679502383	7.926774710098201	2.786727146156828	-8.373195686376217	-7.303432700548697
1.8728134786078208	4.1909753032824995	5.958405197976745	6.558076507765975	6.792072603150146
9.349009162152868	4.833501660196546	-4.03786560067406	-5.328314979136252	-0.11338504335884636
1.798845817962249	-4.236799705062168	-7.2574101384887335	-4.142330281203549	7.260039040266115
8.908183536018342	-9.694604129737083	-2.399592496070273	-3.9181755659467186	4.362661519245378
-8.468312740181588	7.6206800996312865	-6.760836494333439	-6.904821762272032	-8.381831526091439
0.8218491131598213	5.320201804223181	5.792994324396162	-9.94000720176863	-5.593524444263114
7.021420381657563	7.135730835479272	8.802820624953476	8.351933831362238	-7.515407820267836
8.464042293375186	-2.098917105383361	-6.253235348821853	-9.319074012605121	-2.283807233498063
1.8350567774215136	-9.815278952175778	8.752812129651282	-9.366807929655664	4.80512041667339
9.514566800415693	-4.945010222208129	-0.2795748401478022	3.857286261892334	6.228139348113501
-1.3575799811167641	-8.528690716652623	-2.130371334025458	9.27120383957346	9.082625929879086
-9.05507830585158	5.6768981561344205	-7.387935084236382	8.625969887674998	3.660919174281851
8.463174416349773	6.232354359893002	7.803057411822586	-6.660180598009632	-4.101690677547975
4.836114998412832	8.51914131525642	-6.016261834858522	-1.8454681162004647	-2.341449005880083
-1.163249401429617	-6.449253856268619	-0.794979016610533	-8.645153986364846	9.571749238518954
9.201768976603276	-7.499581667465257	0.416389037466665	-6.317491989477617	6.326683761386597
-5.570033789555925	2.17619271935596	3.4611042631515403	-9.471103293383905	-6.74750633317279
7.2638680789317505	3.2132525895231794	6.732787448165695	0.28649236974213466	-0.9776757460859677
9.966688402388911	-8.816604390103095	6.637218118151047	2.0561353564008726	-9.586820299392858
-0.05236475046897482	-2.2973354970082767	6.661183252006921	5.857582972402568	-5.897011194650812
7.637283199913192	-4.855685390005444	-0.014941559402391391	-6.390107910985922	7.640636692511208
6.836085211777032	-7.969991522376397	-0.9146283092630192	0.6731057305389356	4.725191490929355
-5.0595943904339755	9.490198617605031	-0.7991968823094879	4.568351476077133	6.156713548385511
4.161119166030957	-0.13948476166516954	-5.432322862968331	-4.434261601930572	1.3929870335233403
-0.7523112768388849	-5.793866107134072	-2.334480336288429	8.378379656860929	-2.0959475340819864
5.244387989779618	4.355285293516879	-9.56560531757857	-6.553837457954479	1.2981948405109733
-0.4538286875539228	-4.07315616704906	-2.6340289499268756	-4.320390597302179	-3.506794012854698
-5.313223967489769	5.165242401496968	-3.083654154376031	5.786041613272104	7.958561066554282
-6.522061016783823	-8.482859824377016	-6.2349507508508175	-0.6944304957434646	1.4172918980112748
8.835671200798934	-1.240528786773936	-3.107939763482719	1.6696018432729467	0.4588740386637049
5.618159331322886	6.765675734446624	-1.1046603334390426	-9.45930039298711	4.4296965678803275
-7.71017781198346	6.650195900016001	-4.002300746076152	-9.7550710416272	-1.847693276846698
1.68234785827579	6.998751439902826	3.569838627412082	-1.2363213695846653	3.1638432625637094
4.280345589600607	7.132805140110094	-6.070749048727304	-7.82617972980665	-2.958083487905153
4.906201246017318	6.613036867036882	4.577387324988315	-1.8537191967084645	7.8734928316262796
-6.224691469582382	-9.616973266810248	-4.101968777956063	-3.7514828229182413	8.110019796007954
-1.9959782439810247	6.408127020888429	3.344828503703809	-4.369533090997546	2.8778155844262727
-1.556772538281038	-9.991831812248897	9.935694589565792	2.068695945471781	5.827492517238184
1.3739851305248472	-5.579821378521661	3.9573806839483296	9.469058994967071	-9.207647466567607
-3.5531073539180404	-0.10974688441973157	0.4414905952402357	-8.886512189064266	-4.474942058434447
-9.493359556525164	4.11349138189216	8.219957116255273	-0.18278448374900336	-7.291037724168117
0.4829955173988374	7.361179270042733	4.011565871613016	-9.758757480389349	-5.304490328943512
6.855142253820887	6.538073660999956	-2.3503021102925885	7.628123534826457	-0.14688641597428997
-5.97041851835381	-0.05973876421779778	3.7599694754336497	-4.991093609920853	9.819407481135222
-9.357137097322415	-9.333444361199955	3.6581649667605305	1.7137613884757457	-4.1937121355098625
-7.648587137869839	3.410457792993654	-2.831339226720072	1.4480324760901553	-5.687976228394646
-2.0696942578182096	-8.06441105963249	-4.066563551364094	-4.452957276724149	-6.7516173742660435
-6.566059580652002	2.7154957882956694	-0.29022079307442183	0.7938859788261752	4.694002624820726
2.421351316101081	-0.17291157189868755	5.0729943251104075	-0.3824747131801196	-9.087764735266344
-5.090398481306178	6.059389639053386	2.3133603006281547	6.595668021144519	-9.867100652761671
6.927659767761128	-0.35124021754771206	-8.60899394215863	-0.39357183448797883	5.088772314091393
9.17390322479342	-1.7946950815793095	3.4136937103795972	-1.1524308006580206	7.880642609869483
4.063280298794226	9.493190604519086	-5.29549032316001	9.803895928496452	3.5529196712146884
3.2390267107778143	-9.054868524953463	4.77771888066092	-0.8220658285320042	2.9114204889444437
-3.518717722324787	2.267221750768819	-8.911200550462809	-3.932738072308144	8.781966343870081
-7.034939268101972	8.685078250973739	-7.938814238896409	6.3715082935478335	-5.5122689333456485
5.74911388208502	-7.640796679859697	-9.058544471030913	2.891238714879755	5.532285143257454
-4.147374832527184	-2.550767284949007	1.4598427397472626	1.3655788132786526	5.832766252179901
-7.414472209075193	-7.526315660311774	8.59880801855104	-3.9751322990209417	-1.071902197947825
6.347269223186821	-4.931335675128004	7.7685335519297	-1.7927925611029067	7.491491701181964
-9.223854483727525	-6.401730091021523	-3.4419457808504283	9.064933227529991	9.893294302068504
2.744136689151887	-5.8176199311388	-3.983980478624204	2.0607991973180617	4.600287745051908
-5.417973704895296	-6.043239539986722	7.688913924371036	7.532321231181584	-4.619348231796046
8.644767069843532	7.459205083040359	-0.7262559927677827	-0.4741241599978352	0.5608545701677699
-0.35546284204030343	5.053603678874801	-2.7521237926029087	-7.779627297197255	3.24593907648498
2.8536190229919782	6.045076357084703	2.817112781319473	3.295902750828546	1.1736830758047212
4.3732619921286755	1.7655070876646128	0.5366597006456075	2.7913952337267673	-0.7356034903344622
8.76087250555063	-2.9246469478265738	6.849799929199122	-8.21132158061689	5.641272386762587
3.757808460471338	-2.01841730325868	-0.6774376592900424	1.509068160694067	1.9939993456795513
5.083572020473909	-2.557774881327944	-0.023033391769988754	-9.345910435411291	7.524598310728841
4.884120458171978	6.505326700469588	5.757783373731073	-9.352139680281859	8.93972290119222
0.42608812734581036	-5.355344297883548	9.251302304986723	3.928422969948315	-0.19421250256785783
7.37142309242266	9.708702103624347	-7.9989642638374505	4.991072815219766	-2.0780118488775585
-6.651024034817855	2.415263131884352	8.359529237806711	5.328046235934451	-3.5042610230317237
9.4936444193292	-0.11846849912988233	7.874321782923992	4.076026287673564	-2.971784456963846
1.989759809894828	-8.459477664976667	1.81913404702739	6.702617884121558	1.8008406962591366
6.458687218169089	-8.108146810524822	-6.233529156307306	1.1758440792918918	-3.3413113497209643
7.290908440305785	3.0206904283624354	-9.321377525689392	8.069659512591215	8.115542594238477
-0.28250438149083834	6.782162431785316	-2.5526010580798477	2.277244016683497	4.5562582554301585
-6.717092774540628	5.5220564473509555	-3.6312262666360517	-6.063016984649305	-1.5612303845668407
-3.015553307719749	6.972243405641841	7.514199611110207	-9.917278797666004	-8.74929064055457
3.1611560029254306	4.710128491886167	8.455081873589776	-3.815905277437576	-1.0234035868459976
-1.1177702134620588	6.3451465115299825	2.8021056162243028	-1.7521810375190014	5.6600679156413065
-8.10419058232613	-0.23684959349883883	6.546179498688204	-2.180077688047195	-5.398323234878106
2.1480806845245652	4.145951589847762	7.673730673395596	3.9634657047362367	6.1696100552680875
-8.71044453040421	-7.485089595090983	-6.8459313238059565	2.6194873745642866	-5.905934312342037
7.210494915876588	8.32223119988116	-1.5892856573780918	3.217371189102302	-6.0446534862230905
-6.622722572967341	1.6413053941601454	-5.9265694987172814	-0.5028439238088431	1.7408937955130028
-7.984572017408446	-2.664896166776181	2.3457101563946807	2.4672362987165926	-1.0753797696015681
-9.926480144317736	-7.917291532429509	-4.963584053334856	-8.995835152458532	8.35747936608827
1.9086075069109256	6.258917577318641	-4.061948486757899	-4.02681505343979	-1.8947879726546013
8.86961031336454	-7.773716476223974	-4.265385609369474	-5.549838429017612	3.1331185137281707
5.743671318064898	2.5177291627179414	5.963016608367809	4.593134069993091	3.778923346464609
-1.8284681276186063	-1.3538719301278626	3.0585680478673396	9.982641840077555	-3.1338624057531064
6.982198981637907	2.983344164388889	0.2806633625027466	-2.562951089176721	6.596033644974078
-9.853080083505773	-2.3585168648580463	3.5329067281554316	5.834508466806092	-4.167463835928945
-3.9733398447091197	-4.1562279052375395	-2.128098764848552	9.163303202505219	-1.1187385389681523
-8.73183927354691	9.317399148840359	-5.867001965559233	-5.906075850286733	-6.3445109426479895
3.2894679015636825	1.4794585588037847	-0.34060892351355676	-6.141677393335641	8.44208079231344
-8.253248208699876	3.2437756515658194	-4.4385779766309525	4.311248191705303	6.072963979580088
-6.757864434840812	4.042157479745185	-9.135853320783532	4.02937406055549	-3.9685119292614957
7.516301106076426	-5.833305475992432	-1.835380599180155	-7.015806662379042	1.875517577272518
8.551731818588955	8.765265830569653	9.429005266876466	3.1867339003021584	-5.26202632074429
5.946988642885607	6.976234706636532	7.654737513439038	-5.781470976665343	5.945823016475643
-1.3655412146122643	-4.471883454887159	-6.241261456534218	6.441745426372606	-3.6345354686985054
-8.188663945037842	-5.0265235846461565	1.4577547479110606	7.89459040612374	-6.20921790442857
-9.203566688363665	-7.488819697898116	0.8015845447437613	1.8990453075610283	9.492644211337485
3.777139142535738	-9.195952820484088	-2.3510778114886612	-1.3351890806485578	-6.754190766316327
-3.5972338426017743	7.821956177521784	3.9088686794470036	-2.8940088713207466	-0.23546066066996474
2.3227595618792236	-1.8440412316230521	3.330051754007741	-1.475224201508599	1.0100724511176864
-2.1289855867455216	-7.983786792473055	-7.704977656514011	-6.653561840278112	-4.791335450630125
1.8093057325748454	9.669791753772301	3.960633772248812	4.662337861323294	-6.5008208187386956
-6.354814418103771	2.0605969637674875	-0.3569925676471897	3.525521734265702	6.075408554917487
-7.2459848159112425	8.030883803400108	1.1097256973450165	-2.56309387082975	-6.756682588766829
6.306327004622929	-1.8685137857736898	2.118525506294098	8.31758146990795	-1.2786924227369738
-1.6677058762281902	-5.624759916511522	-7.492444299717928	5.319761092335426	-7.401309375214531
-6.176270991320315	2.591612030824095	3.6704529163991353	-4.483810029483731	-1.2806137481110298
6.4513991466346425	-0.8766013668865753	-8.730137517119758	-2.0207122729157625	1.366743164780054
7.066732458858162	6.9454929855120255	9.931451820876944	6.525858557155175	-8.230158821969454
-3.0822573770213744	-6.309987164882351	2.756157692951028	-9.970947663660688	4.2807531144353135
-5.18577500181355	-0.9730273281065251	7.546007131697571	6.61759888111883	-8.722011893529281
-0.5795714052332528	6.968073460667085	9.493554821445194	7.354448597245131	0.4790669469310096
-3.3137270397873095	6.194316242194674	2.6915912087234304	1.7116697125261027	0.10121452252159102
-2.8258591704511886	8.112498218590837	8.30610705331496	-5.645943149483049	-7.800650898119574
8.286070558995377	9.086435948622423	2.6297061360128566	0.05362905631972481	-1.4779803149554347
6.086039121966557	2.926166958831004	7.517674844965477	0.9860935246412268	-0.6820789582589093
4.8701137085191135	1.6880105573496742	2.6554489731033257	-5.450035448081088	6.067040175061884
-0.7080230194462054	-2.7220607779805803	-6.347590729054065	-2.290392675587082	2.9993933390131673
-8.219715261335217	1.7526088124578756	5.412938289302019	8.471131795266693	4.663152435712476
2.9525429762510527	8.431743442560858	4.66618732700929	4.878437349062985	-1.5354154320565456
8.094363536665952	3.0973570092846927	1.7962753745704916	9.0299579565864	4.252980426915975
-1.870083960930522	4.320514590426718	-4.679597089207373	-0.6284729883439937	-7.407747869973754
1.1018265999773327	-3.281734526206357	1.2679035878793066	6.510236171261504	-7.750043996628246
-5.588195845632001	3.6365241676430458	-4.040326781794342	6.28556122137163	-6.567599744024342
1.7257449378376322	9.648076160417567	-5.466674352517238	-8.229364727245724	-5.793272655896647
7.962178083303229	9.281208082556226	-1.6651733214369528	7.804081589726479	-8.392346569277429
9.548621989944202	2.779818648041335	9.541129590163003	-6.284472915576519	-4.81035934225325
-6.697597039102931	7.153700531056984	-0.5932927492914928	8.185122680012249	4.8182795095559285
6.573893120328215	-9.496941689345348	9.78220407212261	-3.96434016508751	-1.7752504538064215
-0.22318061887348506	0.038139986287095695	1.7379318285199155	-4.367232285942542	9.386276824478713
5.462060024151974	2.29190100961101	3.245953521122537	2.2297656366687733	-3.893817495749566
-3.378199288971281	-7.243450024756498	6.967821625064104	-4.57543278553608	-6.826241494838303
-9.19488536232408	-0.7934507645676376	-0.028697176852034545	0.21366256924252625	2.4449477246384035
4.9194241571901784	4.517129770061601	-5.026148320261427	5.840687718588178	-0.3209468727172293
5.532419947423691	3.5651624960641612	-5.8940470225420185	1.2009816200847503	9.623946671243814
0.6265503895495463	6.306177918905988	7.860195572976345	5.374889086045002	-5.914072727248389
6.5103578966382685	4.844453628262137	-1.4775922742374483	1.8078752345549063	-8.378153879470247
5.431239178404304	-7.822359792301256	7.3729318907031995	2.286559861222713	-8.301261345544209
-1.0600691116252108	8.25746085448852	-7.664325618342062	-0.14856109690740738	3.57919299011445
-1.8876143515043289	-7.1676499814182435	-4.450614434464526	8.407909956541168	7.726995179437736
-6.175244100988376	-5.226222633607666	-3.0279555995120653	5.284458426495121	9.807072540640142
4.685228507288031	-3.718020621200697	9.441981718888968	1.6298128554060511	-0.0671838580700026
0.7479297382309156	-5.113777939554076	-2.089550852756549	3.2077526796660365	-8.604483662079986
0.2865049209169115	2.7179441904439443	-1.3091296854472887	0.5700081029567841	-8.979595136109193
-6.886656290049899	-3.441269081387091	0.33103173453417156	3.9788374705387213	0.7347876623999525
-7.434657058498665	3.2172225819890414	-7.373914595594645	-9.119137088345614	5.866063144586249
-1.7853422553625045	-0.5361573760303955	4.222226217184591	7.210516425091846	-6.262117054007241
3.321975615058534	-1.0955183312737482	-7.064072567964253	-0.2715741078881386	5.010360073168378
-8.987165897486658	-4.059929493179482	6.770878343086501	-0.8914928729438998	3.717455884264652
-0.9311783748014868	5.618891356313675	-8.285704335564297	0.01742904482000185	6.71745570390825
-5.598858970802212	-6.704661831449812	-2.2487147755405026	8.183674296613752	-7.276700550034832
-6.61663912355818	3.1576789589396554	-9.061871293654278	2.8082093478278196	5.202230238483708
5.385136572842562	7.513631385794241	-5.627216862384369	-3.3831762227003104	0.4936413861529587
-3.4346747936581536	-0.40853840470688496	-3.3330668453302295	-9.105649894280852	9.821803581606346
-2.5627710675482405	3.270227478689037	0.12458486024293691	-5.513796426288486	-1.8982563231530207
-2.073692355889783	9.700248554424334	-4.467181791113077	0.4906170189574084	-5.841552066477664
-8.549436545281281	5.504400971163065	2.891694089615406	-0.02420276594803994	9.016128352011535
0.9723087495396001	8.999367384650242	7.117279334025	-8.131620051689858	-8.430621825347643
8.541314977311302	6.777850533657009	6.937324323298753	-5.223925170269574	-7.256038145751866
-2.297219244037592	-3.1122453637591327	7.228563586261259	0.5064679214327228	-4.339355223000933
-3.7518232716158764	7.11901709169512	1.7683184633544435	1.8783799293409444	-8.111705455079576
-4.213808341329873	6.709322078356557	2.5080187892447867	-8.740909811775111	2.4156318131234116
-3.3048560197643724	7.941933573062464	-0.5111706569374483	4.006405006763622	6.06339714150684
-1.5890868299499061	-4.691746933927689	-9.961095418967048	8.099157325266233	2.893108196019668
7.569162691596517	-3.8582043790713385	-9.640326336048414	-4.712037262500623	3.659662024313505
-8.964998555265382	-8.709399680182873	4.001673498636819	0.3318296326217407	3.7159815883242757
0.7893712623641669	-6.855343366231693	-7.679532628108035	6.716853568331956	5.108664911473227
8.31188647189731	9.664940984441735	1.811564954035127	2.735709094188735	3.5391502476764813
0.511989931468726	1.4037006760040391	2.8736194584153054	7.117838770074414	2.8254011860247417
-3.1344013788706135	7.4146806207283475	-9.291335355505318	-8.72941700791472	-7.72950992593611
5.490235253234161	-9.318781780829912	-7.002251825307152	3.192162560651198	-5.8647641752039235
3.196941964479663	-3.6778899826311537	7.516628702436229	7.440171155216277	8.640429101649268
8.193303775408609	6.097651072485164	8.023320913603229	-5.023961574068927	-5.615069704203929
7.6643383322140295	8.632167791533568	-6.470377403051522	-5.124513979167993	-3.4755486709546304
1.984386287145906	3.0105721062182482	7.6947198809377895	-1.767426140778543	-9.024499950951377
-2.0823434302664303	8.377689179891277	-4.661789682171275	-1.2797192568260698	-6.076312420234714
-7.872475981699946	2.211378152694799	1.4697968037865436	3.6064123826944936	-3.4702495219421827
8.840197173820528	-1.7167083163759642	-1.0604419156181564	-9.971002206359486	5.2029486917143615
-6.849803984831205	6.896551199423847	-3.4188767123042396	1.3838882938263062	-0.10177751098761689
-8.270630853804395	-3.1256642946092903	-0.9624765674171023	-4.863065483981714	1.1292347934704274
4.661901184175733	-2.1568979623533338	7.331181147907337	0.286949490152292	-8.963020326979922
-5.38719862362295	-3.4756770449294407	8.364624054293316	6.058024554825835	5.042911277431884
5.03682486900815	9.432003810329057	-5.365970843613695	-2.600060246854781	-8.264021740339068
7.098657541754349	4.381478852181544	-9.73427187683707	-5.753320568095532	-5.927323325297031
0.658538021097268	8.088642839387951	4.003220871779469	-7.860002549059924	-6.904254926979199
-9.558333322670762	-2.6595794305308686	-5.574234547836877	-4.275203273296675	-1.4073968655907407
1.0424462077967966	1.9709360140691032	-1.8905201148886555	3.7172672426260362	-6.9536048793324525
-2.3742788365757583	1.875797399307757	-8.813731180222135	8.934582259086518	-7.914119547084301
2.826096321319042	5.118446379238662	2.260476509420215	-3.723102720314074	5.144025115538383
8.61614995956878	8.002911575396325	-6.271619793698285	-8.064390177316838	-6.498580497614718
-5.133396174119511	5.614501168747708	6.5399816066897785	-1.3079566521420496	-6.588940438571051
-6.510688699966227	-8.757294032690805	7.845981863722244	5.175903155494822	-7.954205911592393
-1.8560680314570845	-1.6113242252215372	-9.129981221455058	0.20388085269910405	-0.37961291206431724
-1.6992816478073216	2.286364105319251	3.5466488378865506	-4.8186699892811475	-8.846840986441237
-7.805114080409631	8.787687099430805	-8.73920749044678	1.1996592320911894	5.140419852235155
5.770616313704053	-5.237916448120856	-7.403553216247232	-2.9820960515021575	-8.097981703695222
9.06624390980685	-6.700451382727316	-0.3197648979003489	-2.190057379336462	-7.766702981801608
5.851184400551887	4.324255953399607	-5.098377551414195	-9.379996840126793	7.525860475445626
-4.91110788629388	-2.106966594263323	4.463307197266261	0.20532589649038613	-7.691589666002933
1.1585171553449989	-0.8942661620304158	-0.5030724161060043	-0.27726671317674345	-9.919536419634106
-1.4803530679875934	-3.8945088749919634	-0.17062865525470272	-6.927096210432396	-8.973754673856192
-0.3795399396348387	0.7523825495532357	-6.910186878168094	-4.695570260258052	0.17058037622502553
-1.9810277249326163	4.462127287576443	-0.8026066429186116	8.967994869495904	4.48050323196383
-8.075820975112755	4.843831976824376	-6.194500139934725	9.066794020492289	4.2273844946015515
-3.2439147592520072	1.1962656503462483	0.6970904229972739	-6.060685422777748	1.8967753207683025
6.462498967131097	4.654311688193836	4.653959232602162	-5.721914548057736	1.1702569778811132
4.210965753350315	2.1037877032704273	1.449980095315567	5.8262923441714705	-6.661476627017461
0.2899125037801795	6.600222147912035	-3.2312840746641136	4.167038786891105	-4.879144695793478
-2.6020703671643695	-3.734988235441538	-3.896865990730248	9.54281114940138	6.958022255041286
9.392900103148023	-1.0855198221359927	-6.819407481987284	-3.3848916411554555	-7.341490822465676
-7.825724197192891	-9.564672697818722	-0.8743175090447828	5.734792195712814	-3.4509440098179702
-6.561262912580151	2.293507718216503	-3.4144370377646247	-5.942312756674312	-1.6261008733465196
-9.330366856802115	7.423640037369601	-1.5777528085953954	7.224167990513152	-4.006342165230276
7.040429799722169	-0.6137157761114231	8.85176435035784	-2.172802910635557	-7.021241334087421
2.7400072808275695	9.772670987943442	5.949346647795849	6.636939160966541	-6.06754005675521
4.820352568371305	-8.964048627828088	8.920883783521106	-1.1727715120285929	-0.103128409055671
8.525659058367381	3.2871917444271475	-8.125285757231904	0.1517145218945224	-2.6654297232991198
2.8678520693252523	-6.046531353278244	1.5799268595591407	8.337677595878127	6.830110241447258
5.6921941737650315	4.9964583714919115	-3.767928065303664	9.798746070239098	-0.8461439579238181
1.3716556732628895	9.896398696086173	-2.4474761599060493	-5.938435917811855	7.780927482873452
-6.311588807226318	-4.929337276354513	1.0965137659159296	-2.6910405783808216	-3.9210099587619673
7.556862237589144	2.8226506195681935	-6.543085950490028	-8.573585124606979	-9.363785190897865
7.3809477500292076	0.9208019524561664	-5.311386719802318	-9.056822508007993	-4.049852137481679
-9.180739992263867	-8.043585820536844	-2.741846985311618	-3.026053278086323	1.9837956094736064
7.849418871737441	0.31644628791552165	-2.204023776141696	-7.5053080592451735	-2.818011278786372
-7.556138599039663	-3.054360920716647	-7.054744764120645	-2.6485511720605857	2.814867129221014
-8.29707914120345	2.110744055406606	3.6815751691935787	-9.66050014722732	0.08051061542715487
-3.9973997770048797	1.9608679173860075	1.5104431124179456	8.392961464978292	-6.6530937926050235
2.1644676108090977	-9.522484124916076	-1.6402996547369497	-7.541787521413802	-6.840833054431236
-9.233246109987185	1.9132662831855818	-3.5692485073012534	-5.736641752632732	8.795926654944488
1.5385707054967845	-9.656428113289024	-8.06589249919216	-3.1811014749547795	-4.907035856372865
7.6804225316281745	9.585508272459144	-4.290454325543305	9.158089370754887	6.456894053703024
4.409958658934329	-7.898584400104369	9.812336921745853	7.465360609915528	-7.173724109956538
-1.8791958178644776	-6.319609980027707	-0.07344666313812098	5.604112219407909	8.391658578789624
1.0583331846496904	0.8122249780092403	7.475099142496575	-3.380266343243477	-5.852287239022637
-3.024552992445372	-7.493371486954594	-3.2249727669401373	-9.57912598489331	-3.7024548412485423
2.3271517042841765	2.6439689628447525	0.7855020699075297	-5.021969345927097	7.680391794729381
-1.695325709406955	-7.093407676370308	-6.007555243986356	-5.849226249352707	7.3101986126166025
-5.286063429424072	-4.171226646515642	-4.845452783709227	7.661028393343571	-4.833585576043724
-9.446141180663478	-7.383962593532509	-1.9651593663330544	-4.415352442590997	-2.317364629536833
-4.2646512655314766	3.94672841094215	9.040540416701603	-6.8127339364162225	9.40162247764846
-4.5234106173185324	7.671990144638201	7.8583649199180385	-3.2407619806271697	1.470808529503497
-6.311065785920086	2.47092864684695	2.7274118328401116	7.510461773477267	5.605177338644566
8.078575687802036	-0.3482124059300702	-2.3848444396726194	-3.1684630300452774	-9.758391597208092
-7.383936920964409	4.746093903784782	3.825751522023083	6.189582104352546	2.4708789676990435
8.372180241766706	-8.210207159920813	8.188392824305268	5.3419494812968935	-9.264887255962115
-3.187913225771407	-9.568998640044203	-8.486952194567792	-0.9029803068880184	-7.919981267964392
3.95394086795838	-4.80601163073414	2.9408390991064124	-8.379542305321156	0.9266020598960445
1.562266130515745	-3.8168829534750586	-6.416167341674345	-7.635326107100752	-1.891580756304517
-9.574225077882147	8.040789765182325	5.8279414487800665	-1.8495802922039033	7.524520088247641
-2.017307657893717	6.396868075335107	-5.291603356903348	-9.40299088369116	3.7118082158395467
-1.3868678760035635	5.6253831636308504	-1.8702646414858357	-7.5877656558579645	6.669749999908369
-5.874898360678202	5.8915475395406105	-0.13326449051577782	6.324858622941115	8.527623951604383
-6.864285285097374	-7.330442954823461	-7.884821573375742	-8.701600822933013	5.492862864822158
2.724623357277416	1.328098438925167	-2.0297779984055353	6.6503986950924485	-0.5868920699339277
1.38148989915981	-2.8148524483227817	-1.936489267623898	-7.51166043030188	5.784694318898943
3.7557890297297263	-1.1813120267366664	-6.587126269121821	4.381927667034418	-5.585983763457666
2.402114296250602	7.306616676273109	3.6855424741619274	5.509184660180232	-0.19969929321261404
7.631651133673202	-6.744515569501122	-8.85190529225327	9.402605785640546	-6.23898929495671
0.3343017433719382	5.5534377175604845	4.355331007004715	8.154759638061371	4.873694366516133
1.1221979970569933	1.7238461410289965	-6.914977359848219	6.849439636115406	0.6434851338072676
7.590062208577223	2.965145452069038	-4.635762890287133	-8.21411683567625	4.934900487732392
6.6835279823954465	-1.247515998888666	-7.042932808474145	9.266331448257013	7.935157077525744
-3.0882726533694225	-8.06866137539702	3.888703269794142	5.051732622600262	8.24566160835402
5.711471029848958	-0.9377610782401717	-9.251649311958001	-4.586275249484991	9.626372086145672
9.659167676121157	-8.650231494055049	3.798208361999265	1.8306824776440394	2.496926244730851
-5.975672880457523	-2.113538444027224	5.1434140803160915	4.289797457463187	2.9770805686814725
-8.895792271657967	4.8149724234583005	2.7719166383482587	-8.918189031161432	-5.301075896616364
-7.912248311831689	2.9441882477075723	8.097038046411747	5.29415014742829	3.917975366979846
0.36349931275659486	-9.943174762196783	-8.980730311138153	-8.93883952395603	1.2445594403826021
9.396937199412406	6.1624563507191255	4.4085640391305105	3.6666005504369252	-2.7187559152627045
0.960257814943283	-9.467584532833548	3.7641280297457342	8.333868465081359	-9.816480672832743
-8.99971566620686	-9.356702045470055	-2.444878345444664	4.987135964430024	9.923821035546197
8.506859437073729	2.357202649386082	7.258328950058782	3.9703452851279053	-7.081771581699179
-0.5628626154993981	-4.8717628522958165	-4.88135585676179	0.4581378243834493	1.8040505021698579
-4.372712017154345	-1.3636847759171609	7.157237111795155	-7.033379278702441	8.01178109065652
2.125673566449187	-4.731590903703065	5.372572477669941	5.153829310695784	0.08675686366206747
-4.046913334510975	5.413157994904182	9.06480695596079	-3.7397611495850747	-7.136491562838735
-7.096610526118184	9.98264964482145	-1.776510240489003	-0.1589313406344246	7.479472359298434
3.5899453260880705	2.3259971386013163	4.700171453642248	2.397017437124788	6.7692236381230515
-5.514181895270681	4.769197634118484	-3.8610141280416634	-4.637407622338749	-6.395416064457102
5.157043764717379	2.7238440928888537	-2.653264078111949	5.554023401990676	2.8738935191327997
-5.791950764945078	1.6026859380779612	-7.514123351923171	-7.420659408286362	9.129578908861802
3.733775212719067	-7.070905326600595	3.107684671813061	-5.198111935955609	-6.609463742550403
-5.954375193904276	8.443783036795558	-3.765792153158852	-3.547158072050589	6.1139499378600775
7.804026667776725	-0.7605620335216798	-0.6844916345582099	9.466518221850258	-8.056431829679717
-9.95300772254491	1.18598185224538	3.4069091721964995	7.93621721798371	-3.5300940978997097
7.676167204732749	-3.987042184240618	6.26232639969335	-7.588354265734971	7.292998418379071
2.4621612578661143	-6.096561106274123	-8.863420887039485	9.20875597488778	-0.7580615693369772
6.763487546485273	3.6538869140963683	6.834423075527766	1.378085749243688	5.08772067330122
7.720372447593967	1.1808999220883365	-6.272616989244419	8.111283735627381	-8.235547317897684
-0.1134823259452773	-5.565265496389017	1.0484453014037243	4.566253287855417	-0.18710427548242947
1.7034255709494346	2.7064769746495827	0.04186314524627832	2.0952703586912165	8.385471878307968
3.030253655325822	7.345854428785188	4.576226049349167	1.7146895226548544	-6.689920882089858
-0.7875964416666825	-4.300077934278118	6.205751662740795	-5.757551812854093	-3.006110148135729
-2.633880107387853	0.8418571214566128	-3.714378906899487	-0.7082834111168808	5.009925827904887
-9.660606647362115	-0.8429749799902737	9.559586929876247	-9.340331292103045	-7.34327055119655
-8.058429105463901	-4.084026826987667	6.7639105503612384	1.8959013059267278	-9.444102944079642
-4.198753778262439	-4.033835600169201	8.565769749220024	6.549806100467322	3.743482601313943
-0.18069022262188383	7.252464811241914	0.18822311963572247	5.131065150863719	3.4545132532336638
6.4178066245613365	-6.235329241023635	7.182948060952526	1.36165414561086	-2.1407301767856595
4.217938740433425	6.671977975912384	-2.18365008544459	8.298974381125163	-1.4205531848628041
-6.426765286795238	-7.623305747578861	-4.197359399797715	4.310463679382643	-3.108196796509098
5.907972242139309	-9.067548125922066	-2.978934792554405	-5.092544297739849	3.2109147392653057
7.958948619893576	9.648382717223448	-8.945513752763773	-3.483626151429874	5.968567848521339
8.210669702085355	-3.6758904482001853	-9.91172039702532	8.156997591977344	8.527673030889417
-3.8771618651355446	6.441211694358756	4.304458151788289	-9.444513491295492	-2.3795480795031168
-3.4461493728822212	0.1256334861513828	6.859207066872337	6.367804519370601	-6.154639098204026
-8.078686885442053	-0.8809455095480772	5.567281554401056	-8.145936209993984	-4.287784606092551
0.24847386126127446	-4.945658182322482	-4.188786627769044	-1.063959406973641	7.736111890166704
0.1215680986613421	1.8644864392388811	4.344404696737044	-7.324399702391602	-0.6619152193317461
-9.028948427912585	-8.933094785090333	-0.6974746666928944	0.6604242079053648	8.16006903140174
3.231313986193726	5.763493073843975	7.192735307143067	-6.0069818665235495	6.223439574078419
5.758622428809026	-6.959188718746535	-3.729211350021906	3.833392392288829	-7.018792665777166
-1.2674234579168662	0.037121967114821075	9.353423545934199	-4.161430323950391	-7.754703851609726
-9.363813570343297	-8.118846109361577	6.250677176731855	-9.13076514097622	3.2878697381409197
4.491297627562567	1.240144670153942	4.314782561060639	6.4297387822987275	4.96801288566229
3.553645652860723	-3.1481942428855767	-6.926293563707464	-7.222157595507195	9.221159265348987
7.843223931918757	6.766146234186074	-5.316870146754692	-7.4092050516468255	-5.7392807841127755
5.0683448207200925	-1.0952481038066963	5.794067275216037	-1.08701419415004	-1.3564954493384889
2.758152088286586	6.998798045462628	-8.384874272292102	-2.8941412801069646	-4.983928040876631
0.9138887515122782	-0.5822173813990297	3.4865140527406737	3.0156155726569907	0.29083943007451296
7.411001029391315	9.175265429358682	4.856965506543133	-3.07331280264599	3.4806754042198946
-8.811619505615074	6.956553081275793	7.181399651628439	-9.139976549789527	-5.450874797290865
8.906776224955635	1.484982743527734	1.7717820105811732	-8.29377286431301	-3.2171932833104435
2.428118379392579	8.127053667558087	-6.5934519455963105	-3.747531658039108	-0.5181422117850687
7.280675561846536	-5.7673485340108215	-6.445056954018259	7.274995916363039	6.752316141032985
1.5648449730451297	-8.943104646455428	-4.223947006582186	-2.7623576454154417	-3.440614191683686
-1.2315731045567517	-6.6086751095598295	6.495400810815795	7.809981520850535	3.5950075980524616
7.82229949592319	5.825538860003121	0.04816284268598281	-2.083916976877738	-8.993414601400069
5.133465270862672	6.086598108837521	3.9263613334262857	7.921369731754339	-7.8312659849593125
0.1807219931945241	6.13588283591956	9.937812668023042	2.356165912695573	3.9930243433947936
-2.824902725412514	8.966775920818634	7.929654511749604	-0.48289331539280056	9.620970638978818
9.43311018550095	8.321136723748495	-7.704291524368703	7.77478328337331	-4.099750235089104
-3.774209862323051	4.319957485334207	3.6674874074141712	-4.084489413350035	-1.7747056291819874
8.111336549012286	-7.894885177337873	3.924204976753714	-6.615357220490672	3.1183752226029
-6.953011060872292	5.4354410655127054	2.147728793766781	-5.650233725432621	2.625393341762127
7.090684254577766	-3.006130362974311	8.953270110695549	-7.048517316957387	7.141451669706399
-0.2524066849468838	8.332189904466183	3.4251316769396425	8.783404184744114	3.566086056929578
9.78126337916978	-5.891433932480851	-7.215965329554862	2.5584607319235033	-7.473702613260041
-3.1669184076234025	0.410042492100402	-3.719399326434683	8.186010459854153	-3.8980485804453764
7.715166767353814	-1.607953010102566	-8.38204629704158	-6.403058531781561	-5.868203854556064
4.803475324806307	-4.529963420175221	-7.159474010563219	-4.16439704562578	7.261296525144623
7.864842302369226	-0.6402860062915572	-3.8411417819976776	2.603396326205477	2.2680582294383527
-0.17748831680055943	4.597886223449279	-0.8189303780007222	-9.930899553389928	-2.50364036986241
2.3283951893710366	3.662879094533146	3.9094864885441254	-6.241775319883558	6.470787153421384
4.304928319265315	7.178343354608671	-3.124132059101715	7.981633465687516	2.12737555964965
-9.766071181562058	2.1921763174536792	5.196510531588501	-1.995245201264808	-2.0092429366345357
5.6313867849389325	3.9313706246441313	-9.53917003808045	-0.27391175472971696	-7.697068822219556
7.322454796726078	8.17572691389465	1.023446815482714	4.99976734052747	5.6650352450917865
-2.5619617769669176	-6.8496043515298375	9.270591382086351	8.326995880736227	0.18529383859918624
-7.283739438179666	7.648374948319855	4.273509942622773	8.393812755634478	4.06831569841367
7.103328963693649	-4.173289827783794	2.5493058253582603	0.3488923592652604	-8.962792404167708
-3.2463034314503325	1.8187048624212352	6.904766295983379	3.1325216212991407	-7.146222256148818
-1.5923237573702096	9.000955279166405	-1.5815874266492713	2.4105080572735176	-3.1194054137136717
-3.403338994259208	-4.434518254127596	2.0298002986498673	-4.447157326776512	3.1824618950249857
-0.39651664820258503	9.064982798331073	-9.794116857952488	4.942765230321598	-6.967822797598334
-1.3788755568414572	3.8330307978082914	9.760263361294832	-8.597867099129417	-5.666413773580157
-8.577507448751387	3.0515729202111714	-6.790775375034478	-1.2234578271570307	2.1856111982784086
9.660822816820811	-7.785791284037661	-3.069052501518307	-5.26741819601223	0.9499219944544954
6.335375075450088	-9.103137989975117	-6.520619956665573	-0.4202491468537062	1.3825907079095678
4.105477845720152	3.850844322499711	-6.949262761296669	-6.731570731199486	5.508790099905902
-6.860080640795033	3.2134937173713496	-0.9592300237793481	-8.696683789965391	-5.495264317659419
4.231692318252193	3.182592428873612	-4.876926839891741	1.6902484980042622	0.177723535906253
1.2321513165919242	-3.356464712412908	-1.5471973486337234	3.3819628530529826	8.167333231484278
-9.762618158605566	-5.080855534389418	7.380458771715979	1.4502446892504892	-3.072829884301086