1.500000001e12	0.7812	-4.315	9.164	-0.2795
1.500000002e12	-9.603	-8.63	-2.097	-5.603
1.500000003e12	7.594	0.0354	-3.807	-8.561
1.500000004e12	3.442	7.908	0.5298	8.418
1.500000005e12	-7.897	2.402	5.924	-5.021
1.500000006e12	4.283	-9.622	-5.038	8.499
1.500000007e12	-4.617	-4.755	7.292	-7.136
1.500000008e12	-9.725	-9.47	-4.863	-0.03662
1.500000009e12	7.428	8.776	-7.745	9.707
1.50000001e12	4.502	4.658	-7.476	7.959
1.500000011e12	-6.7	4.171	3.962	-1.427
1.500000012e12	9.652	-2.408	6.251	-6.144
1.500000013e12	-6.215	1.714	4.142	1.395
1.500000014e12	4.021	-5.515	5.066	-4.877
1.500000015e12	-4.093	-6.655	-3.567	-8.263
1.500000016e12	8.883	-3.019	-7.285	-3.949
1.500000017e12	9.84	-4.214	2.126	5.577
1.500000018e12	-7.6	-6.278	1.396	-7.106
1.500000019e12	-7.45	-5.748	-7.246	-5.238
1.50000002e12	-5.851	2.365	-7.302	0.6018
1.500000021e12	-5.292	5.123	-9.161	-6.158
1.500000022e12	0.7715	3.141	7.225	3.315
1.500000023e12	9.489	-3.347	-1.644	-4.508
1.500000024e12	5.901	5.369	3.977	4.492
1.500000025e12	3.483	-5.61	4.23	6.665
1.500000026e12	-1.395	-4.718	-0.6409	2.209
1.500000027e12	-6.349	8.158	5.69	-4.492
1.500000028e12	-1.75	-0.0647	-3.17	-2.234
1.500000029e12	4.891	-0.3076	-3.601	0.6689
1.50000003e12	-6.536	-4.357	-5.437	1.603
1.500000031e12	-8.66	-7.664	-4.33	-6.13
1.500000032e12	7.14	-7.747	-6.317	-0.1367
1.500000033e12	1.979	-9.258	-6.532	4.646
1.500000034e12	7.614	-6.489	-4.823	-3.408
1.500000035e12	7.728	-8.572	9.235	8.91
1.500000036e12	-3.286	0.7092	9.047	-4.458
1.500000037e12	7.734	6.112	-3.785	6.166
1.500000038e12	5.42	-0.6335	-9.744	-2.051
1.500000039e12	3.121	-3.916	0.9143	-8.925
1.50000004e12	1.349	-2.515	-7.197	-4.163
1.500000041e12	0.09155	-2.341	-9.83	8.328
1.500000042e12	3.378	-4.282	2.7	-6.759
1.500000043e12	9.929	-8.879	-1.803	7.507
1.500000044e12	0.1306	6.683	3.48	-1.934
1.500000045e12	6.031	2.29	-3.967	4.523
1.500000046e12	-3.381	-4.048	6.046	-0.2881
1.500000047e12	6.072	-5.464	-0.9338	-0.09521
1.500000048e12	-1.886	0.1099	2.001	-5.604
1.500000049e12	-1.581	-7.222	3.094	5.927
1.50000005e12	7.826	4.348	6.674	1.605
1.500000051e12	9.338	-1.677	8.168	9.166
1.500000052e12	-5.636	-2.633	-5.112	-6.561
1.500000053e12	-7.292	4.226	-8.252	2.112
1.500000054e12	2.771	-0.1074	-8.68	-1.438
1.500000055e12	5.831	5.802	-3.253	0.7153
1.500000056e12	6.547	-2.114	-1.239	-5.573
1.500000057e12	-6.671	-9.091	1.221	-9.471
1.500000058e12	-2.482	5.267	-1.718	-5.447
1.500000059e12	5.27	-3.434	-5.726	-9.27
1.50000006e12	3.065	7.941	0.4858	6.722
1.500000061e12	-9.867	0.08789	-5.518	-6.342
1.500000062e12	7.446	-2.861	-4.596	0.9058
1.500000063e12	-9.006	8.839	6.649	7.963
1.500000064e12	-4.581	-8.959	3.744	8.705
1.500000065e12	-4.834	7.206	-0.2856	-4.62
1.500000066e12	9.208	1.593	-5.209	3.268
1.500000067e12	9.647	-9.315	-4.976	-9.279
1.500000068e12	-7.188	8.328	7.881	7.251
1.500000069e12	1.918	-8.929	-1.14	5.148
1.50000007e12	-2.001	9.628	4.185	1.377
1.500000071e12	6.533	8.416	6.729	3.639
1.500000072e12	-5.565	6.615	-9.259	5.168
1.500000073e12	-4.181	-2.172	-9.55	-6.454
1.500000074e12	8.173	-1.346	1.046	-8.806
1.500000075e12	-4.222	8.214	2.64	0.06958
1.500000076e12	-9.187	4.504	-3.474	-1.809
1.500000077e12	-4.052	2.141	-0.4688	-3.156
1.500000078e12	2.678	-7.494	2.992	-9.409
1.500000079e12	3.401	1.821	9.545	0.4993
1.50000008e12	-2.914	-0.3369	3.195	2.603
1.500000081e12	7.159	2.767	-3.973	-6.005
1.500000082e12	-1.753	1.027	5.669	-4.375
1.500000083e12	6.606	-9.469	-2.633	-7.208
1.500000084e12	-5.67	9.175	-2.177	0.4626
1.500000085e12	8.422	3.295	-2.314	-8.701
1.500000086e12	5.139	-4.651	1.693	4.015
1.500000087e12	1.976	5.099	7.347	-1.32
1.500000088e12	-1.963	7.852	8.14	-8.323
1.500000089e12	-9.197	-4.763	-1.766	-0.7239
1.50000009e12	6.034	9.275	6.595	3.998
1.500000091e12	-3.052	6.621	6.671	7.321
1.500000092e12	5.28	-7.612	9.399	-5.671
1.500000093e12	-2.705	-2.002	2.632	-0.6726
1.500000094e12	6.304	-8.073	1.752	4.252
1.500000095e12	3.372	-4.46	-9.379	-1.498
1.500000096e12	-9.07	7.472	3.252	-7.
1.500000097e12	-7.808	0.5652	0.6653	-1.904
1.500000098e12	-2.056	-7.595	6.554	-6.169
1.500000099e12	6.73	-5.734	1.464	-9.397
1.5000001e12	-9.849	9.639	5.056	5.726
1.500000101e12	4.683	-2.542	-4.586	3.107
1.500000102e12	-8.364	-9.917	-7.517	-2.347
1.500000103e12	8.816	2.797	9.368	2.485
1.500000104e12	-0.2734	-4.576	-2.29	7.506
1.500000105e12	0.01953	-9.642	4.387	2.712
1.500000106e12	-5.654	-7.717	-3.361	-9.062
1.500000107e12	6.239	-5.028	1.49	1.083
1.500000108e12	-4.277	-7.769	-7.721	-7.771
1.500000109e12	-8.035	-0.5701	-9.486	-8.973
1.50000011e12	7.496	-5.358	-3.047	-8.253
1.500000111e12	-6.755	0.3162	8.021	3.761
1.500000112e12	-4.456	3.274	1.683	-5.385
1.500000113e12	-2.538	3.126	-2.896	-6.178
1.500000114e12	0.8704	-9.176	6.714	2.793
1.500000115e12	-1.793	-0.4395	-2.07	-8.622
1.500000116e12	-5.813	0.6519	7.014	1.064
1.500000117e12	-4.362	8.276	-4.822	4.257
1.500000118e12	-3.135	-8.156	6.964	-1.454
1.500000119e12	-9.277	-9.415	9.751	-6.226
1.50000012e12	-7.053	3.419	-1.034	-4.987
1.500000121e12	3.036	5.076	-1.698	-0.3809
1.500000122e12	1.497	5.846	1.46	7.223
1.500000123e12	5.393	5.198	-9.504	9.164
1.500000124e12	6.705	6.091	-6.339	-8.849
1.500000125e12	9.083	-6.373	-2.494	-2.407
1.500000126e12	-0.2209	9.518	-7.874	-9.983
1.500000127e12	-2.865	-1.421	2.855	-3.965
1.500000128e12	6.273	-5.516	-3.041	3.801
1.500000129e12	-8.033	9.31	-4.303	0.4297
1.50000013e12	9.124	3.359	-2.86	3.55
1.500000131e12	-5.112	-4.885	-6.204	1.078
1.500000132e12	-1.757	7.865	-0.7703	1.721
1.500000133e12	-2.434	1.782	-4.424	-6.219
1.500000134e12	-4.329	-3.833	5.454	3.726
1.500000135e12	-6.866	-1.687	8.754	1.278
1.500000136e12	9.679	7.526	-6.693	-8.827
1.500000137e12	2.098	7.393	2.097	-7.041
1.500000138e12	2.494	1.3	8.303	-2.09
1.500000139e12	-6.03	4.587	-2.823	-4.448
1.50000014e12	0.5811	9.884	9.485	-6.073
1.500000141e12	-6.399	3.311	-6.11	0.4114
1.500000142e12	2.258	3.34	3.027	7.036
1.500000143e12	9.508	-1.94	3.252	0.7996
1.500000144e12	-5.305	-2.653	-3.582	-4.712
1.500000145e12	2.904	0.155	9.963	-4.579
1.500000146e12	2.65	5.182	6.946	-2.854
1.500000147e12	-3.121	3.701	-3.3	6.52
1.500000148e12	-9.027	7.544	7.443	-8.575
1.500000149e12	3.997	-9.922	-3.989	-3.55
1.50000015e12	4.985	-2.826	-6.355	-5.951
1.500000151e12	-4.307	0.8972	0.6995	-6.301
1.500000152e12	7.61	-2.211	1.285	5.447
1.500000153e12	5.961	0.5505	-3.143	3.38
1.500000154e12	8.472	7.526	-9.509	1.669
1.500000155e12	0.2478	9.658	-0.9827	-0.6372
1.500000156e12	3.789	6.273	4.398	5.814
1.500000157e12	-6.625	2.36	-2.141	-8.029
1.500000158e12	-9.045	-7.438	1.143	-1.497
1.500000159e12	-5.911	7.919	-5.326	-0.5481
1.50000016e12	-7.891	-4.51	-6.847	-9.811
1.500000161e12	1.98	-2.462	6.09	-9.238
1.500000162e12	-3.005	3.32	7.205	3.639
1.500000163e12	7.186	1.294	-2.821	-9.104
1.500000164e12	3.224	4.808	-6.139	-6.324
1.500000165e12	-1.094	0.1855	9.813	-7.126
1.500000166e12	2.642	-3.226	-3.977	8.405
1.500000167e12	3.512	-2.7	-9.37	1.67
1.500000168e12	0.2832	-7.607	2.778	4.303
1.500000169e12	-7.535	1.012	5.815	-2.788
1.50000017e12	5.4	-7.042	9.849	6.794
1.500000171e12	7.122	-7.136	-6.517	1.766
1.500000172e12	-7.946	9.913	-7.103	-1.693
1.500000173e12	5.435	6.902	7.513	-8.771
1.500000174e12	-0.6067	-10.	-6.722	-7.643
1.500000175e12	-1.508	-5.558	9.692	-0.1709
1.500000176e12	-6.013	-8.789	-9.222	-1.986
1.500000177e12	-5.271	-6.893	6.476	2.51
1.500000178e12	-5.698	-1.624	-6.199	-4.203
1.500000179e12	7.054	6.912	-8.506	7.206
1.50000018e12	0.4016	-9.163	-9.426	-9.84
1.500000181e12	5.713	9.668	-4.265	7.202
1.500000182e12	4.877	1.187	3.444	6.311
1.500000183e12	1.302	7.228	-7.448	8.954
1.500000184e12	2.288	-9.692	7.83	1.621
1.500000185e12	0.3772	-6.105	-6.033	0.1111
1.500000186e12	6.495	-1.224	-3.154	3.136
1.500000187e12	0.3662	3.506	7.972	-5.416
1.500000188e12	-1.017	-9.282	-5.45	4.797
1.500000189e12	-2.936	1.033	-8.439	9.023
1.50000019e12	8.405	-0.1807	7.344	3.208
1.500000191e12	-7.537	2.196	-5.421	0.9387
1.500000192e12	4.661	-2.385	-6.486	5.962
1.500000193e12	8.302	-3.773	7.721	-8.313
1.500000194e12	5.249	5.598	-7.764	8.287
1.500000195e12	-7.897	2.983	4.153	-6.683
1.500000196e12	-0.4749	5.016	7.26	8.745
1.500000197e12	1.057	-1.453	-2.535	-7.678
1.500000198e12	0.929	0.05859	8.739	0.3992
1.500000199e12	6.571	-6.597	9.749	5.814
1.5000002e12	-6.246	2.15	-3.038	-0.02441
1.500000201e12	0.8752	0.7141	-7.096	-0.03052
1.500000202e12	-7.308	-6.199	0.2441	-0.7019
1.500000203e12	-0.3015	-2.195	0.6396	4.143
1.500000204e12	-1.129	-6.403	-2.916	-9.343
1.500000205e12	-0.1404	6.945	-0.06714	7.083
1.500000206e12	2.948	4.554	-6.559	-2.714
1.500000207e12	6.802	3.163	-1.477	3.84
1.500000208e12	-2.009	-1.587	-1.41	6.772
1.500000209e12	-8.134	7.382	6.942	9.775
1.50000021e12	3.793	8.998	-0.7776	-5.913
1.500000211e12	5.815	2.921	-5.614	6.057
1.500000212e12	6.221	1.993	9.156	-8.846
1.500000213e12	-2.051	-9.661	6.678	7.75
1.500000214e12	-8.546	-3.445	-6.636	-6.471
1.500000215e12	-8.148	-2.44	0.3137	1.018
1.500000216e12	-4.282	-8.781	5.84	-1.002
1.500000217e12	-7.123	-7.955	-1.66	-9.169
1.500000218e12	6.05	4.832	-0.4297	0.6738
1.500000219e12	-3.314	-8.042	5.006	6.763
1.50000022e12	-4.702	-7.428	0.6824	-5.85
1.500000221e12	-0.3101	5.173	-3.35	6.615
1.500000222e12	0.9827	-1.311	-7.22	-1.482
1.500000223e12	-1.318	-9.006	-9.341	-6.5
1.500000224e12	-7.754	2.716	3.419	-7.958
1.500000225e12	5.913	-7.684	-9.866	-5.52
1.500000226e12	6.687	-6.173	5.558	1.385
1.500000227e12	1.825	2.173	-8.782	2.886
1.500000228e12	-6.882	6.313	-5.212	6.423
1.500000229e12	0.5261	4.862	2.677	7.596
1.50000023e12	-0.4834	-3.051	-3.309	8.61
1.500000231e12	-1.152	-1.705	5.28	-5.37
1.500000232e12	-7.094	-3.726	-0.481	-0.6909
1.500000233e12	6.521	-1.553	-4.971	6.182
1.500000234e12	5.32	5.25	-0.3748	4.794
1.500000235e12	3.785	-7.057	1.508	-5.929
1.500000236e12	-2.102	-4.645	6.279	-3.517
1.500000237e12	7.231	-5.883	-2.079	6.184
1.500000238e12	-7.538	9.554	-5.563	-9.248
1.500000239e12	7.296	-3.146	7.778	0.426
1.50000024e12	-1.7	-1.542	-9.15	8.438
1.500000241e12	0.6018	-4.438	0.575	-6.146
1.500000242e12	0.3235	9.352	3.295	9.027
1.500000243e12	-4.237	4.16	-4.321	-9.781
1.500000244e12	-6.426	5.098	4.03	2.704
1.500000245e12	-0.1282	-3.176	-5.812	-5.435
1.500000246e12	1.793	-4.725	2.391	-5.377
1.500000247e12	-6.974	-2.645	9.132	1.132
1.500000248e12	2.692	-3.822	-8.889	4.851
1.500000249e12	0.199	-5.83	-5.383	2.38
1.50000025e12	7.886	-9.177	4.53	5.559
1.500000251e12	-9.459	3.148	0.09888	-3.458
1.500000252e12	-6.166	-9.507	1.23	-7.126
1.500000253e12	-3.376	-3.953	-0.2637	-2.577
1.500000254e12	-0.343	5.813	-4.546	8.088
1.500000255e12	1.066	7.96	2.852	2.131
1.500000256e12	1.678	-9.832	-7.914	-5.209
1.500000257e12	3.95	-5.876	6.667	2.762
1.500000258e12	5.989	0.105	8.917	-3.728
1.500000259e12	-7.334	6.501	4.659	5.579
1.50000026e12	-4.427	-1.077	-5.597	9.788
1.500000261e12	1.183	8.676	-2.777	-3.12
1.500000262e12	-4.814	8.999	2.251	2.698
1.500000263e12	5.763	-4.303	5.11	1.027
1.500000264e12	-4.547	8.119	8.306	-0.3845
1.500000265e12	7.277	0.4163	-9.774	-2.8
1.500000266e12	5.876	-1.58	6.405	5.707
1.500000267e12	-5.322	1.072	7.557	-1.403
1.500000268e12	2.274	-8.823	2.384	0.6531
1.500000269e12	4.182	3.345	0.7092	-6.149
1.50000027e12	4.392	-9.607	3.6	-8.265
1.500000271e12	-7.355	4.437	-6.882	5.
1.500000272e12	4.053	5.266	6.445	-7.524
1.500000273e12	7.1	-4.166	-1.244	-2.96
1.500000274e12	-4.407	5.155	-6.5	-5.21
1.500000275e12	-4.832	-4.661	8.38	-5.975
1.500000276e12	-1.08	0.3882	-5.25	-7.622
1.500000277e12	-2.555	-3.837	-1.522	-8.427
1.500000278e12	-7.805	-8.933	2.454	3.5
1.500000279e12	-4.872	-5.132	8.	-7.189
1.50000028e12	-3.346	9.562	-7.876	5.035
1.500000281e12	-4.725	2.583	-7.904	5.857
1.500000282e12	-5.979	-1.81	1.582	-5.663
1.500000283e12	2.657	6.238	-2.828	8.11
1.500000284e12	9.43	-2.183	0.4211	-10.
1.500000285e12	-3.469	2.388	2.057	2.758
1.500000286e12	8.652	-3.234	-5.88	-3.275
1.500000287e12	0.6421	-1.002	-8.008	-8.793
1.500000288e12	-7.242	1.339	-3.455	0.7898
1.500000289e12	-6.902	0.4688	5.632	-7.174
1.50000029e12	8.915	-4.484	4.355	2.345
1.500000291e12	4.363	0.04761	-9.8	4.967
1.500000292e12	6.316	-0.5664	-9.851	9.429
1.500000293e12	9.53	-2.925	6.298	2.574
1.500000294e12	-0.343	-0.332	-1.101	9.197
1.500000295e12	-6.569	3.364	-7.499	-9.535
1.500000296e12	6.949	8.07	-5.195	-3.419
1.500000297e12	4.032	-2.802	6.6	5.231
1.500000298e12	6.052	7.77	-2.568	4.484
1.500000299e12	6.262	2.363	-2.094	9.218
1.5000003e12	5.968	-4.672	-6.416	4.662
1.500000301e12	-2.333	-2.534	9.991	9.135
1.500000302e12	6.327	-8.903	-8.959	-7.814
1.500000303e12	9.672	-3.484	5.453	-7.568
1.500000304e12	8.435	-2.522	6.564	8.695
1.500000305e12	4.85	-9.331	-6.127	8.468
1.500000306e12	-1.943	-9.362	0.8118	1.37
1.500000307e12	-2.498	-6.326	-4.078	-4.651
1.500000308e12	-2.841	8.983	-4.506	-7.877
1.500000309e12	1.931	-4.758	9.7	0.7166
1.50000031e12	-7.056	-5.814	9.916	2.942
1.500000311e12	-6.377	-6.227	-3.042	-4.976
1.500000312e12	0.3577	-5.018	2.736	9.449
1.500000313e12	-4.324	8.579	6.405	-4.799
1.500000314e12	0.08301	9.935	9.053	1.561
1.500000315e12	7.397	7.605	9.388	7.306
1.500000316e12	-7.297	1.726	-9.298	7.33
1.500000317e12	4.161	-2.822	4.211	-7.66
1.500000318e12	3.977	-0.2295	-9.127	2.089
1.500000319e12	-3.479	-2.576	9.78	-8.369
1.50000032e12	4.84	2.509	-6.913	-8.478
1.500000321e12	9.221	7.634	-9.535	-0.658
1.500000322e12	-5.941	-4.403	4.899	-1.599
1.500000323e12	2.578	9.309	0.9521	-2.205
1.500000324e12	-4.495	-3.619	-2.395	-3.048
1.500000325e12	4.976	4.622	-9.229	9.711
1.500000326e12	8.772	-9.203	-8.35	-8.065
1.500000327e12	2.092	2.135	-3.169	-6.484
1.500000328e12	1.266	-6.338	2.88	7.494
1.500000329e12	-9.031	4.266	0.4456	-8.314
1.50000033e12	-7.129	-7.678	-2.678	8.512
1.500000331e12	6.477	-8.082	-0.1062	4.884
1.500000332e12	4.937	6.694	-6.899	3.296
1.500000333e12	-9.33	-5.396	-8.846	2.563
1.500000334e12	-5.311	1.816	0.4016	3.622
1.500000335e12	-4.922	1.195	4.108	3.55
1.500000336e12	0.5481	-9.684	-6.76	9.431
1.500000337e12	-8.431	8.656	-0.5554	7.588
1.500000338e12	-4.108	-9.016	-2.603	-6.893
1.500000339e12	0.9619	5.87	6.467	1.334
1.50000034e12	9.894	1.079	3.704	-9.305
1.500000341e12	0.2393	-2.123	-4.952	5.348
1.500000342e12	1.989	2.461	-1.705	-4.053
1.500000343e12	-5.851	-7.889	6.364	-5.065
1.500000344e12	5.898	7.944	-8.608	-7.819
1.500000345e12	-4.954	-1.284	-7.551	-4.586
1.500000346e12	-7.349	-1.146	-0.3101	-5.392
1.500000347e12	-1.116	7.864	-0.5994	1.548
1.500000348e12	5.696	-9.425	0.3833	4.706
1.500000349e12	0.4797	0.06348	-1.929	5.385
1.50000035e12	5.245	-1.276	-4.095	-5.122
1.500000351e12	4.257	0.4749	3.667	-9.303
1.500000352e12	7.953	2.938	-2.385	-1.677
1.500000353e12	1.549	-8.999	7.545	-6.428
1.500000354e12	-3.827	7.255	3.584	-9.181
1.500000355e12	3.129	-5.706	5.74	-7.473
1.500000356e12	-0.5945	-9.016	-2.985	-8.585
1.500000357e12	-2.369	6.213	-6.234	2.448
1.500000358e12	-7.211	-5.884	-5.524	7.86
1.500000359e12	9.211	-4.357	4.281	7.555
1.50000036e12	6.411	3.616	-5.425	8.748
1.500000361e12	-5.995	5.642	0.5054	-8.416
1.500000362e12	-6.891	9.561	-5.891	3.083
1.500000363e12	-2.603	8.755	2.538	9.783
1.500000364e12	-7.168	-1.179	-0.7312	-3.375
1.500000365e12	3.129	6.368	-1.608	0.08545
1.500000366e12	6.42	-3.745	3.336	4.956
1.500000367e12	-6.56	5.31	1.445	-3.8
1.500000368e12	-7.59	3.799	4.745	9.625
1.500000369e12	-3.341	5.208	-0.3918	-6.465
1.50000037e12	-2.021	2.218	8.263	-7.222
1.500000371e12	4.53	-7.271	-0.2173	-6.595
1.500000372e12	-6.837	1.108	0.918	4.803
1.500000373e12	1.24	3.916	-8.59	-6.449
1.500000374e12	-3.896	-9.971	-8.665	5.363
1.500000375e12	-8.011	7.943	4.861	7.388
1.500000376e12	-6.464	-7.428	-4.637	-3.708
1.500000377e12	3.926	9.792	6.327	-3.826
1.500000378e12	-0.08667	-4.452	1.011	-1.014
1.500000379e12	0.2942	4.724	6.573	-9.579
1.50000038e12	-4.169	-4.73	7.571	-4.88
1.500000381e12	9.869	-6.624	7.919	-7.44
1.500000382e12	-7.743	-2.377	-0.9778	-3.278
1.500000383e12	3.374	-8.083	-7.786	-7.284
1.500000384e12	-4.305	8.16	-8.225	1.556
1.500000385e12	-10.	-0.7104	-6.788	5.942
1.500000386e12	5.605	2.389	4.802	-1.385
1.500000387e12	-8.51	1.041	0.2124	3.385
1.500000388e12	2.914	5.088	6.194	-1.399
1.500000389e12	-1.636	6.232	2.488	-4.642
1.50000039e12	-2.81	7.566	4.365	-5.928
1.500000391e12	-5.715	9.531	-8.607	-4.102
1.500000392e12	7.925	4.006	-3.953	-5.304
1.500000393e12	3.604	-0.4907	8.713	-7.209
1.500000394e12	-8.263	-8.933	8.61	9.698
1.500000395e12	-8.694	4.766	-9.716	2.994
1.500000396e12	-9.32	-5.804	-0.6946	9.598
1.500000397e12	-8.118	6.835	1.559	0.6714
1.500000398e12	-5.8	-0.9631	-4.938	-2.706
1.500000399e12	-6.243	-0.6445	-4.036	-3.489
1.5000004e12	0.6848	-2.859	-3.302	-4.675
1.500000401e12	-7.433	8.032	8.544	-2.083
1.500000402e12	3.568	1.907	2.422	-2.902
1.500000403e12	-3.962	-3.291	2.711	2.432
1.500000404e12	9.058	-8.712	-2.401	-4.681
1.500000405e12	-6.526	-4.866	-1.062	4.652
1.500000406e12	2.225	4.102	2.488	6.677
1.500000407e12	0.09155	7.295	0.0769	0.2051
1.500000408e12	-3.647	-0.8606	-5.615	-6.389
1.500000409e12	8.058	8.885	8.821	-6.416
1.50000041e12	3.535	1.604	-4.025	7.742
1.500000411e12	-5.583	2.346	-5.48	3.43
1.500000412e12	1.781	-5.314	3.234	3.097
1.500000413e12	8.39	-4.198	0.1147	-6.617
1.500000414e12	4.553	-3.068	1.235	-4.923
1.500000415e12	-0.542	2.987	-2.136	0.8875
1.500000416e12	1.416	0.2185	-3.06	-0.8081
1.500000417e12	6.635	-1.267	5.43	1.143
1.500000418e12	-9.602	3.418	-2.19	2.462
1.500000419e12	5.353	4.628	6.238	-3.684
1.50000042e12	-8.994	-1.719	4.127	-2.809
1.500000421e12	2.819	-0.7825	2.362	3.221
1.500000422e12	-8.878	-4.36	-5.17	7.482
1.500000423e12	-8.245	-6.39	2.842	-6.173
1.500000424e12	8.823	-5.093	6.239	4.841
1.500000425e12	-6.884	-6.41	7.073	-8.236
1.500000426e12	3.102	2.394	-2.977	0.8447
1.500000427e12	7.701	0.5176	-2.458	-8.981
1.500000428e12	9.221	3.81	6.458	3.383
1.500000429e12	9.327	-2.218	-0.1819	8.702
1.50000043e12	-8.158	-3.289	2.577	-5.544
1.500000431e12	3.97	4.491	6.61	9.036
1.500000432e12	6.968	-9.617	6.553	-2.744
1.500000433e12	-3.397	0.979	-1.355	7.751
1.500000434e12	5.309	1.37	-7.178	8.344
1.500000435e12	7.429	-9.579	-4.219	0.2917
1.500000436e12	7.931	9.927	3.958	2.754
1.500000437e12	-0.5066	-3.816	7.823	-8.915
1.500000438e12	2.115	-0.6506	-4.551	8.295
1.500000439e12	5.895	7.965	9.459	-0.4187
1.50000044e12	-6.443	-8.632	9.44	9.607
1.500000441e12	5.616	-1.426	5.647	-1.359
1.500000442e12	-5.687	8.425	-7.146	0.791
1.500000443e12	9.945	9.784	-5.574	-1.652
1.500000444e12	3.827	3.071	5.317	1.464
1.500000445e12	4.701	-6.584	-3.409	-1.846
1.500000446e12	5.243	0.8301	9.078	5.327
1.500000447e12	-4.862	-3.859	-1.963	-4.905
1.500000448e12	7.002	-3.48	-7.489	0.5591
1.500000449e12	5.381	-3.853	1.173	5.488
1.50000045e12	6.526	0.8044	9.911	7.797
1.500000451e12	2.267	-2.456	-8.118	-1.611
1.500000452e12	-2.264	6.134	-7.473	0.8777
1.500000453e12	-9.955	-3.059	-6.321	-5.026
1.500000454e12	0.3442	3.685	5.576	5.3
1.500000455e12	-1.689	1.224	4.987	-8.531
1.500000456e12	1.272	-5.543	3.904	6.312
1.500000457e12	-3.445	-3.656	-7.299	-8.926
1.500000458e12	-3.18	6.422	7.515	-8.42
1.500000459e12	-0.3564	1.542	-7.615	3.444
1.50000046e12	-0.7202	1.636	2.733	-7.324
1.500000461e12	4.413	7.57	0.2954	9.662
1.500000462e12	0.003662	-6.053	-7.406	3.767
1.500000463e12	-3.65	5.381	4.678	0.9888
1.500000464e12	-4.539	3.389	4.767	9.922
1.500000465e12	-3.245	2.457	-8.649	8.56
1.500000466e12	5.922	4.196	-5.807	-2.922
1.500000467e12	-6.987	-3.225	-4.426	-8.988
1.500000468e12	-4.133	1.686	0.7068	6.489
1.500000469e12	9.354	-1.125	-8.732	2.234
1.50000047e12	8.7	-8.933	-9.951	-2.158
1.500000471e12	3.927	-4.854	4.349	3.739
1.500000472e12	5.117	-2.435	-0.6201	0.3271
1.500000473e12	1.885	-9.886	-1.364	8.179
1.500000474e12	2.874	3.696	2.694	8.285
1.500000475e12	3.348	9.027	-9.315	-7.526
1.500000476e12	8.221	0.08301	-8.132	-3.893
1.500000477e12	-0.05981	1.315	6.394	1.006
1.500000478e12	8.522	-0.6506	9.109	-5.216
1.500000479e12	-6.08	-4.576	0.708	-10.
1.50000048e12	8.622	9.618	6.692	-7.372
1.500000481e12	7.57	-8.979	-3.627	3.635
1.500000482e12	8.397	-3.107	1.472	-7.665
1.500000483e12	-1.235	-2.065	-8.959	-7.957
1.500000484e12	-9.917	9.252	-4.231	-0.9033
1.500000485e12	-0.7776	-7.246	-4.622	-6.948
1.500000486e12	-6.573	-4.746	8.213	-2.14
1.500000487e12	-2.107	9.44	8.278	7.178
1.500000488e12	0.3186	-4.468	7.426	3.103
1.500000489e12	0.3479	1.537	-2.843	-5.751
1.50000049e12	-5.566	-1.23	0.1758	-1.102
1.500000491e12	7.52	-9.213	7.197	2.306
1.500000492e12	-1.967	-8.413	-4.062	0.08911
1.500000493e12	-3.524	-3.923	-9.302	3.682
1.500000494e12	6.434	3.132	-0.3748	-0.4736
1.500000495e12	3.969	-2.34	-6.366	-6.693
1.500000496e12	-9.351	-6.337	4.928	4.585
1.500000497e12	1.832	-4.948	-6.351	-6.909
1.500000498e12	5.176	5.819	7.959	0.1807
1.500000499e12	-7.266	2.701	8.085	6.047
1.5000005e12	9.585	-2.841	6.542	-2.911
1.500000501e12	-6.556	-0.6165	-6.033	-7.925
1.500000502e12	1.741	-4.611	8.408	1.241
1.500000503e12	3.551	-6.093	-3.387	1.781
1.500000504e12	2.373	-0.907	4.369	6.425
1.500000505e12	2.52	-0.3833	-1.527	-6.996
1.500000506e12	6.19	3.511	-7.299	-1.982
1.500000507e12	9.576	-2.198	2.441	-4.26
1.500000508e12	8.323	-5.201	9.17	6.752
1.500000509e12	9.44	-7.092	-8.652	-3.69
1.50000051e12	8.616	-3.737	5.085	-5.181
1.500000511e12	9.459	-0.2478	-4.603	5.625
1.500000512e12	-6.552	-2.325	-9.512	4.83
1.500000513e12	-5.99	-4.241	6.03	0.1001
1.500000514e12	3.972	4.919	-8.937	-7.01
1.500000515e12	3.96	0.6799	-7.482	-3.582
1.500000516e12	-6.028	1.479	-9.523	-4.756
1.500000517e12	-0.6335	-3.912	-1.335	-1.382
1.500000518e12	-0.07202	8.541	4.562	-1.731
1.500000519e12	-5.909	-8.124	0.4456	-4.639
1.50000052e12	-3.605	8.187	9.209	-4.073
1.500000521e12	-1.794	-8.579	8.448	6.488
1.500000522e12	-0.9717	-9.032	5.117	-9.116
1.500000523e12	8.492	-7.07	-3.052	-4.818
1.500000524e12	2.075	1.62	6.674	-4.191
1.500000525e12	6.324	6.155	-8.56	-0.498
1.500000526e12	-9.181	-8.971	1.62	9.156
1.500000527e12	5.964	1.993	-9.398	-9.038
1.500000528e12	-9.825	3.08	2.551	-4.697
1.500000529e12	-6.29	6.792	4.742	-7.747
1.50000053e12	6.353	-3.372	-5.342	-1.255
1.500000531e12	-2.371	-7.883	4.72	9.96
1.500000532e12	1.476	1.769	3.174	-3.163
1.500000533e12	-7.02	6.763	7.255	5.253
1.500000534e12	6.655	7.305	5.753	1.652
1.500000535e12	5.739	9.343	-6.637	-8.297
1.500000536e12	-1.517	-2.6	2.329	-7.202
1.500000537e12	1.229	6.05	5.162	1.119
1.500000538e12	-6.345	-8.801	-2.349	-1.139
1.500000539e12	4.695	-8.385	-8.708	-1.891
1.50000054e12	-8.672	1.979	-5.76	-9.266
1.500000541e12	-2.416	6.128	3.679	-1.893
1.500000542e12	5.593	0.4797	2.266	2.408
1.500000543e12	-0.3247	5.95	2.905	-3.607
1.500000544e12	-1.279	-5.26	7.205	-1.84
1.500000545e12	-1.665	-6.837	-3.959	-2.91
1.500000546e12	7.012	1.926	-3.402	-2.271
1.500000547e12	2.915	7.991	-9.799	-4.922
1.500000548e12	9.832	-3.698	-4.722	3.134
1.500000549e12	9.652	-1.349	-7.233	-8.341
1.50000055e12	-1.204	8.95	-0.8618	-3.984
1.500000551e12	-7.891	5.693	-6.447	3.735
1.500000552e12	-4.891	-4.948	8.278	-8.728
1.500000553e12	-3.	7.832	-4.067	0.1331
1.500000554e12	-9.875	6.321	-1.445	-5.286
1.500000555e12	8.793	5.105	-1.724	-1.825
1.500000556e12	-5.43	-8.239	3.109	8.511
1.500000557e12	-2.528	2.211	-1.992	-2.822
1.500000558e12	-1.317	0.8923	9.924	9.307
1.500000559e12	8.842	4.778	-7.338	4.474
1.50000056e12	5.054	-1.569	7.689	7.465
1.500000561e12	-4.526	7.629	2.402	-2.225
1.500000562e12	-6.913	7.748	-0.6299	6.532
1.500000563e12	2.849	2.976	-5.74	1.813
1.500000564e12	7.079	-7.638	-5.648	3.512
1.500000565e12	3.551	-2.314	8.414	-6.831
1.500000566e12	-6.135	0.6592	-5.58	-3.903
1.500000567e12	-0.8716	7.426	7.111	-2.95
1.500000568e12	-6.793	1.648	7.449	0.2405
1.500000569e12	5.883	8.573	-0.7703	-1.562
1.50000057e12	0.01831	5.15	-0.08057	4.321
1.500000571e12	-8.042	-0.9717	-2.938	2.462
1.500000572e12	2.996	5.812	6.52	-7.583
1.500000573e12	6.412	-0.4736	7.635	-8.435
1.500000574e12	-3.553	-1.021	-0.4175	-4.871
1.500000575e12	0.5261	4.377	-0.5115	-6.842
1.500000576e12	-1.733	-8.499	6.979	3.661
1.500000577e12	5.249	-1.096	3.04	-7.399
1.500000578e12	1.125	-1.005	8.757	-8.378
1.500000579e12	-2.394	0.2014	2.784	-4.388
1.50000058e12	7.151	-0.7336	-9.517	4.375
1.500000581e12	-1.107	7.181	-9.445	9.415
1.500000582e12	-8.219	-7.156	4.197	-4.325
1.500000583e12	-9.745	9.59	-6.812	1.559
1.500000584e12	0.7642	-1.348	-7.153	-6.73
1.500000585e12	2.311	4.109	-1.951	9.563
1.500000586e12	1.494	-8.743	-8.104	3.359
1.500000587e12	-2.75	-8.507	0.6445	-9.717
1.500000588e12	-8.38	-4.093	4.069	5.404
1.500000589e12	-5.743	2.719	3.828	-9.833
1.50000059e12	1.747	6.656	-6.512	9.072
1.500000591e12	6.437	-3.082	3.146	4.369
1.500000592e12	1.389	-2.638	5.41	9.972
1.500000593e12	-2.161	-4.932	-3.002	-7.487
1.500000594e12	6.383	7.704	5.825	-7.213
1.500000595e12	-2.565	5.321	-2.148	-1.522
1.500000596e12	-7.897	-7.256	1.333	-0.6104
1.500000597e12	-4.788	-1.4	0.01343	-7.233
1.500000598e12	3.817	-4.756	5.354	-5.103
1.500000599e12	-4.796	-8.243	-2.614	7.455
1.5000006e12	2.443	4.012	4.674	-4.911
1.500000601e12	9.031	1.251	-5.215	-0.4041
1.500000602e12	-6.624	9.801	6.584	-4.535
1.500000603e12	3.464	9.879	-7.747	-8.683
1.500000604e12	-1.143	-3.146	-3.076	-7.211
1.500000605e12	-9.74	-8.359	2.155	-3.274
1.500000606e12	0.6995	-0.4517	-0.5237	-2.751
1.500000607e12	-7.397	1.523	-0.4065	7.982
1.500000608e12	-0.1794	9.945	5.79	0.957
1.500000609e12	7.997	-3.641	-2.125	2.377
1.50000061e12	-6.885	5.978	3.862	0.874
1.500000611e12	1.957	-9.62	-0.2563	7.031
1.500000612e12	-9.088	-2.308	4.459	-6.628
1.500000613e12	3.579	-7.272	9.211	4.059
1.500000614e12	5.448	6.542	7.264	2.639
1.500000615e12	3.24	-5.19	6.55	9.24
1.500000616e12	-9.83	6.7	-2.568	0.7275
1.500000617e12	-8.761	-0.4114	8.379	8.699
1.500000618e12	-3.799	1.345	-1.741	-6.261
1.500000619e12	-6.415	-4.335	-5.071	5.343
1.50000062e12	-5.344	9.2	-2.477	2.666
1.500000621e12	4.768	4.603	-2.517	7.859
1.500000622e12	-0.002441	-9.073	5.867	6.069
1.500000623e12	3.635	-9.453	3.925	-1.525
1.500000624e12	-6.414	3.665	-7.042	2.064
1.500000625e12	-9.257	-9.432	-3.645	0.01709
1.500000626e12	6.035	-4.386	6.036	8.328
1.500000627e12	5.145	-5.704	-4.851	8.488
1.500000628e12	2.617	-0.1917	5.272	4.313
1.500000629e12	1.483	-0.1343	-2.432	-6.625
1.50000063e12	-7.155	5.879	-0.3845	0.1636
1.500000631e12	-6.204	-8.062	-2.898	3.8
1.500000632e12	-4.637	-3.184	-5.333	6.777
1.500000633e12	7.014	-4.287	-9.248	9.276
1.500000634e12	3.724	-0.4358	1.449	6.824
1.500000635e12	0.8435	2.493	7.003	-0.2698
1.500000636e12	7.092	-1.064	3.145	-6.271
1.500000637e12	8.148	6.187	8.486	-0.6921
1.500000638e12	1.783	-1.62	1.027	-1.318
1.500000639e12	-0.7263	4.985	5.704	-5.455
1.50000064e12	2.997	-2.755	-1.875	8.101
1.500000641e12	-2.986	-3.953	-9.862	6.41
1.500000642e12	-4.633	2.982	2.518	9.517
1.500000643e12	5.968	-7.278	0.365	4.203
1.500000644e12	8.466	0.835	-0.4944	-9.944
1.500000645e12	1.697	-7.081	2.023	-9.681
1.500000646e12	-4.502	4.219	3.94	6.963
1.500000647e12	1.405	8.086	4.164	5.221
1.500000648e12	-2.296	8.191	7.755	-6.68
1.500000649e12	8.993	6.638	-9.133	2.113
1.50000065e12	-8.969	-1.858	-2.499	8.521
1.500000651e12	-3.232	-1.565	-7.284	-6.754
1.500000652e12	7.965	-3.66	-8.962	0.3882
1.500000653e12	-0.813	-8.323	-9.565	2.549
1.500000654e12	9.556	-8.182	-4.462	5.356
1.500000655e12	6.633	-5.065	-7.616	0.8997
1.500000656e12	-4.319	0.3113	-1.556	4.153
1.500000657e12	7.252	8.658	5.818	-2.997
1.500000658e12	-5.332	4.137	6.193	9.241
1.500000659e12	5.801	5.803	2.109	7.045
1.50000066e12	2.889	4.338	-2.899	1.956
1.500000661e12	-7.234	-6.501	-3.218	1.89
1.500000662e12	-9.697	9.023	9.164	2.203
1.500000663e12	9.772	0.8643	8.197	-3.733
1.500000664e12	-1.267	-8.184	1.471	-4.257
1.500000665e12	9.911	-2.845	4.554	-7.618
1.500000666e12	-2.23	-9.025	0.9509	5.031
1.500000667e12	-0.2551	-9.839	8.378	8.12
1.500000668e12	-9.766	6.064	6.345	-6.025
1.500000669e12	-1.455	-1.837	-7.567	-2.554
1.50000067e12	-7.638	-4.789	8.818	-0.05615
1.500000671e12	-2.657	7.921	-9.844	6.521
1.500000672e12	-4.442	5.779	-6.783	8.376
1.500000673e12	3.73	6.101	3.779	-6.516
1.500000674e12	9.828	7.321	-7.489	-7.526
1.500000675e12	0.3711	1.251	-4.9	-5.153
1.500000676e12	2.347	9.857	-5.773	-2.528
1.500000677e12	2.209	-2.993	7.518	0.592
1.500000678e12	7.289	-9.303	3.898	3.849
1.500000679e12	6.028	0.5615	0.5017	-0.04395
1.50000068e12	-3.329	-3.507	-7.208	-5.774
1.500000681e12	1.274	3.818	-5.482	8.588
1.500000682e12	4.929	-5.536	1.005	8.94
1.500000683e12	2.336	-7.828	-7.733	3.059
1.500000684e12	-1.151	-3.474	-8.745	2.018
1.500000685e12	-7.225	-8.951	-8.834	-6.554
1.500000686e12	-7.646	9.686	9.052	-0.6702
1.500000687e12	-1.063	9.967	-3.882	1.24
1.500000688e12	5.837	-1.646	-1.029	-2.496
1.500000689e12	-4.911	7.841	6.42	-8.146
1.50000069e12	9.807	-3.645	-9.618	-7.334
1.500000691e12	7.628	9.929	-4.489	-6.537
1.500000692e12	-8.374	-2.532	0.2966	5.221
1.500000693e12	-6.733	-5.297	1.104	8.314
1.500000694e12	7.269	-7.925	1.425	-9.994
1.500000695e12	2.999	6.736	-3.456	-5.808
1.500000696e12	-3.256	9.22	-1.222	-7.29
1.500000697e12	-2.084	9.882	4.062	7.462
1.500000698e12	0.2014	6.859	-3.655	3.11
1.500000699e12	9.52	0.6067	-2.411	2.322
1.5000007e12	-6.549	8.964	4.96	-8.678
1.500000701e12	-6.492	1.499	-9.858	6.631
1.500000702e12	3.896	-3.344	-2.347	0.8252
1.500000703e12	-4.722	-5.381	-9.93	5.421
1.500000704e12	0.8337	-6.53	9.995	3.76
1.500000705e12	2.655	0.2197	9.895	-0.4041
1.500000706e12	-6.7	-5.974	-6.996	2.808
1.500000707e12	9.178	9.021	5.841	-8.77
1.500000708e12	3.347	4.072	8.407	4.062
1.500000709e12	-7.213	-4.314	6.682	-8.602
1.50000071e12	-7.091	2.428	-0.08911	-1.398
1.500000711e12	-9.725	8.344	4.96	-9.443
1.500000712e12	4.271	5.645	6.27	-9.016
1.500000713e12	-9.073	-3.16	-6.924	6.968
1.500000714e12	0.8069	7.244	9.182	-0.7654
1.500000715e12	-2.395	3.42	-0.02197	0.7507
1.500000716e12	-9.552	-5.48	0.7654	-4.043
1.500000717e12	4.868	8.29	-5.773	2.804
1.500000718e12	-3.068	-2.468	-5.83	-0.5273
1.500000719e12	8.069	0.3186	1.696	0.4578
1.50000072e12	6.584	-6.865	0.3552	7.511
1.500000721e12	5.881	-4.969	5.013	-1.66
1.500000722e12	1.023	2.394	-1.125	-5.599
1.500000723e12	-5.443	-5.206	9.368	-4.506
1.500000724e12	8.357	9.584	-3.424	-4.799
1.500000725e12	4.325	-6.63	-8.806	-0.8899
1.500000726e12	6.055	-2.562	3.76	-6.416
1.500000727e12	9.304	0.575	-6.74	-0.2295
1.500000728e12	-4.841	8.927	8.325	-1.501
1.500000729e12	3.961	-1.692	-0.3027	8.04
1.50000073e12	6.515	3.174	-2.363	2.576
1.500000731e12	3.466	2.731	-9.679	1.271
1.500000732e12	-3.12	4.291	1.55	6.671
1.500000733e12	-9.375	-9.288	-2.62	-0.7178
1.500000734e12	3.105	-0.8459	-4.937	-5.142
1.500000735e12	6.562	-0.07324	9.922	-2.919
1.500000736e12	3.37	-2.887	4.412	-1.204
1.500000737e12	-7.692	-8.442	-8.696	2.848
1.500000738e12	9.396	5.51	-4.307	-0.6787
1.500000739e12	3.074	7.454	7.516	2.692
1.50000074e12	-5.425	9.738	-5.001	-8.813
1.500000741e12	-7.977	-7.463	-7.697	9.244
1.500000742e12	-1.575	-3.243	9.377	-6.311
1.500000743e12	-2.362	-8.418	3.162	-2.03
1.500000744e12	2.828	9.46	-0.1355	-7.385
1.500000745e12	6.982	2.983	-8.617	-8.61
1.500000746e12	-2.538	5.862	-6.412	-4.741
1.500000747e12	-3.815	9.086	1.241	-8.301
1.500000748e12	-5.652	-4.801	-7.747	-7.249
1.500000749e12	6.975	-1.339	-4.559	-4.919
1.50000075e12	9.998	7.106	-8.137	-8.387
1.500000751e12	6.506	-7.128	8.99	-2.798
1.500000752e12	-0.3015	-7.026	-8.391	-5.514
1.500000753e12	0.7922	4.187	-2.742	5.785
1.500000754e12	-0.8301	1.16	4.182	-7.179
1.500000755e12	8.165	-8.38	-8.667	-6.216
1.500000756e12	-4.016	-3.822	-9.269	-5.144
1.500000757e12	1.044	2.776	-0.2039	9.937
1.500000758e12	-3.087	0.08057	7.938	-5.352
1.500000759e12	3.665	6.353	-0.603	-6.704
1.50000076e12	-6.619	-6.168	6.819	-6.796
1.500000761e12	-3.489	9.626	3.438	0.1172
1.500000762e12	-0.6909	5.06	1.206	1.664
1.500000763e12	7.311	9.406	-6.318	-3.379
1.500000764e12	8.098	-1.251	-7.776	8.146
1.500000765e12	2.676	2.236	-8.247	-8.47
1.500000766e12	5.537	-9.327	-9.132	-4.607
1.500000767e12	6.436	2.534	2.34	-4.65
1.500000768e12	3.469	7.776	-0.9253	1.036
1.500000769e12	-4.152	-1.398	-1.198	-1.047
1.50000077e12	4.956	-3.087	-1.466	1.232
1.500000771e12	8.195	-1.768	8.519	-9.252
1.500000772e12	-7.079	8.768	-4.315	4.198
1.500000773e12	5.422	-6.526	9.762	4.982
1.500000774e12	-3.105	4.271	5.065	-2.367
1.500000775e12	-1.425	-2.291	-2.181	6.532
1.500000776e12	-8.835	6.847	-6.979	1.833
1.500000777e12	-1.442	1.753	3.683	-9.056
1.500000778e12	-4.623	8.188	7.275	-0.238
1.500000779e12	-2.423	-6.447	7.13	0.3357
1.50000078e12	5.709	-0.1831	-8.112	-9.287
1.500000781e12	-5.458	7.594	-2.55	0.7666
1.500000782e12	-3.468	3.041	-5.662	-0.304
1.500000783e12	8.184	-1.429	-4.893	4.998
1.500000784e12	-6.593	8.334	4.418	3.517
1.500000785e12	-1.812	8.672	-8.485	-8.365
1.500000786e12	-6.393	-6.825	7.09	0.9497
1.500000787e12	-1.677	-7.194	-7.291	9.941
1.500000788e12	-7.974	8.907	4.071	0.155
1.500000789e12	9.958	-0.6543	-6.428	2.548
1.50000079e12	0.05615	-8.429	4.796	8.987
1.500000791e12	-5.942	7.483	-3.56	0.5981
1.500000792e12	4.633	-9.792	-1.716	3.25
1.500000793e12	-2.281	-9.177	-4.261	-8.108
1.500000794e12	-2.347	-9.213	2.883	-6.547
1.500000795e12	0.6042	-0.4431	5.106	2.511
1.500000796e12	-3.945	7.344	-8.591	1.639
1.500000797e12	-2.559	1.772	3.652	-1.473
1.500000798e12	7.45	-9.252	-9.069	-2.617
1.500000799e12	-8.512	8.903	9.675	-5.488
1.5000008e12	5.408	-8.188	-8.123	-7.386
1.500000801e12	-5.325	7.548	-0.5273	5.872
1.500000802e12	9.929	-5.391	-7.662	9.269
1.500000803e12	0.4565	-0.9912	1.509	8.744
1.500000804e12	-7.322	3.536	7.86	-6.515
1.500000805e12	7.	-0.1819	-5.083	-8.281
1.500000806e12	-7.692	1.772	-9.594	-0.4932
1.500000807e12	-7.327	3.049	-4.774	4.933
1.500000808e12	-1.78	-5.013	-1.001	7.316
1.500000809e12	-6.552	-8.466	9.22	1.222
1.50000081e12	4.175	6.864	-0.6445	-0.3894
1.500000811e12	-7.162	4.167	9.542	2.747
1.500000812e12	1.642	7.997	0.1086	6.776
1.500000813e12	-4.149	-3.21	-3.202	5.941
1.500000814e12	2.211	-9.094	-2.416	-0.6604
1.500000815e12	9.791	-0.9741	7.664	-1.406
1.500000816e12	-3.435	-1.656	-2.487	-7.788
1.500000817e12	7.311	6.891	-9.664	-9.156
1.500000818e12	9.177	-2.567	8.995	3.978
1.500000819e12	-1.83	-7.162	-5.955	5.295
1.50000082e12	-1.035	6.686	-1.636	4.486
1.500000821e12	-0.9314	-1.685	1.831	1.538
1.500000822e12	-2.397	-8.82	-8.538	-6.543
1.500000823e12	-7.594	3.431	3.01	9.003
1.500000824e12	9.185	-0.6726	-2.555	-4.766
1.500000825e12	7.279	-9.414	-9.42	6.024
1.500000826e12	-1.666	8.826	-4.53	5.938
1.500000827e12	-3.275	-6.25	-1.498	1.964
1.500000828e12	2.96	8.579	3.245	-9.64
1.500000829e12	-7.881	0.9155	-8.13	0.3625
1.50000083e12	7.076	-7.305	-2.656	4.235
1.500000831e12	0.08423	8.981	2.767	-6.869
1.500000832e12	7.571	5.222	-0.7178	3.683
1.500000833e12	0.5164	-3.872	9.202	-3.052
1.500000834e12	2.716	-1.223	-4.049	9.441
1.500000835e12	-3.346	7.517	1.86	-5.53
1.500000836e12	3.459	-6.025	3.838	5.477
1.500000837e12	-6.244	0.2173	2.214	-2.313
1.500000838e12	-4.916	-6.713	-7.03	6.879
1.500000839e12	-4.558	-3.215	-2.66	-3.629
1.50000084e12	-2.64	9.926	6.991	-3.771
1.500000841e12	4.556	-6.542	3.456	9.298
1.500000842e12	-0.2979	1.121	9.136	1.561
1.500000843e12	-2.533	-2.743	-7.722	0.2673
1.500000844e12	-2.271	9.833	-0.8557	-8.694
1.500000845e12	4.723	6.614	-1.716	-2.513
1.500000846e12	5.562	3.054	-8.333	4.464
1.500000847e12	7.136	-3.192	-5.668	-0.1794
1.500000848e12	6.223	-6.128	7.588	-4.86
1.500000849e12	-6.493	9.282	2.885	-2.822
1.50000085e12	-3.407	2.228	7.689	8.525
1.500000851e12	4.153	-2.872	5.103	0.02686
1.500000852e12	-3.098	-3.383	-5.936	-7.631
1.500000853e12	1.082	5.314	6.263	2.966
1.500000854e12	3.04	-5.273	-9.64	-2.678
1.500000855e12	5.459	2.126	8.851	-9.76
1.500000856e12	0.9839	2.976	9.862	7.793
1.500000857e12	8.461	9.224	-4.321	-4.089
1.500000858e12	0.6995	-6.859	1.445	0.09766
1.500000859e12	-0.3784	-8.805	-9.866	-7.198
1.50000086e12	5.151	-0.6128	8.217	5.334
1.500000861e12	5.645	7.556	2.715	2.147
1.500000862e12	-8.107	-2.806	5.905	8.647
1.500000863e12	5.618	9.98	-1.027	1.982
1.500000864e12	0.001221	-2.903	5.084	8.326
1.500000865e12	-6.685	8.79	8.556	-5.454
1.500000866e12	6.719	-9.244	9.897	6.814
1.500000867e12	-9.558	5.212	7.964	8.491
1.500000868e12	-4.366	5.472	-3.767	-5.803
1.500000869e12	-9.396	-5.623	7.506	-8.843
1.50000087e12	2.754	8.212	0.6201	-8.695
1.500000871e12	-2.697	5.099	-0.719	-5.585
1.500000872e12	-8.506	-3.518	-0.5957	-1.764
1.500000873e12	-1.4	4.363	8.613	3.243
1.500000874e12	6.913	-0.238	9.999	7.559
1.500000875e12	-1.307	-3.417	-3.035	-4.143
1.500000876e12	6.184	9.794	-1.687	-7.283
1.500000877e12	1.948	3.285	9.716	-1.659
1.500000878e12	-8.29	-9.115	-8.301	-3.19
1.500000879e12	-3.77	-3.793	9.473	5.707
1.50000088e12	3.585	-2.146	7.368	-3.649
1.500000881e12	-2.089	0.332	9.927	-0.1929
1.500000882e12	-0.2917	-0.2734	-7.748	9.927
1.500000883e12	-0.1904	-8.263	-3.241	-8.147
1.500000884e12	7.815	-0.7959	5.283	-2.152
1.500000885e12	4.525	9.484	4.398	-0.7544
1.500000886e12	-2.726	3.599	6.876	0.4468
1.500000887e12	-7.1	4.333	4.696	7.595
1.500000888e12	8.13	-0.9668	-4.631	-5.225
1.500000889e12	-1.147	-2.057	-4.462	9.015
1.50000089e12	-8.61	-2.482	-1.78	-2.559
1.500000891e12	8.939	3.911	7.747	-8.545
1.500000892e12	7.887	4.951	2.28	-9.241
1.500000893e12	4.855	4.089	9.629	-5.751
1.500000894e12	-4.545	-7.352	3.074	9.895
1.500000895e12	7.798	-3.768	-7.67	-3.629
1.500000896e12	9.108	1.589	-6.583	5.016
1.500000897e12	2.301	4.945	-1.866	-8.525
1.500000898e12	3.282	6.327	6.423	-2.96
1.500000899e12	0.6055	0.8923	-3.619	0.9534
1.5000009e12	-3.307	0.188	-2.363	2.332
1.500000901e12	-8.265	9.07	8.356	-4.772
1.500000902e12	-2.996	-9.248	4.048	-7.002
1.500000903e12	0.4663	1.108	-0.8191	-9.493
1.500000904e12	-6.226	4.59	-4.442	1.162
1.500000905e12	-4.287	8.167	-5.747	5.487
1.500000906e12	-6.376	4.407	3.257	6.82
1.500000907e12	3.605	5.701	-9.971	-5.558
1.500000908e12	7.834	5.67	8.356	-2.557
1.500000909e12	8.131	-6.322	4.916	-5.299
1.50000091e12	4.264	1.908	2.395	1.289
1.500000911e12	2.291	9.824	7.527	-2.561
1.500000912e12	7.128	-9.198	-2.283	5.594
1.500000913e12	-6.508	-0.9119	2.076	4.546
1.500000914e12	-8.06	-9.305	-8.021	-0.4016
1.500000915e12	-5.394	1.884	8.08	-1.324
1.500000916e12	6.4	3.329	-0.4089	5.071
1.500000917e12	-5.382	-3.005	-3.107	-4.941
1.500000918e12	4.049	4.221	-6.685	-8.092
1.500000919e12	8.949	8.618	-6.388	8.499
1.50000092e12	1.884	-6.339	-9.535	0.6909
1.500000921e12	4.529	-6.005	5.635	9.869
1.500000922e12	9.287	-7.542	2.	1.566
1.500000923e12	-5.675	4.133	-9.152	-9.547
1.500000924e12	4.26	-5.581	-3.273	-7.488
1.500000925e12	0.6946	2.142	-0.21	0.7629
1.500000926e12	-1.248	-8.993	0.6738	0.2478
1.500000927e12	7.196	-3.805	-8.104	6.512
1.500000928e12	8.571	-7.987	-8.981	3.857
1.500000929e12	9.393	2.605	9.762	-2.965
1.50000093e12	9.365	-4.374	7.937	6.885
1.500000931e12	7.471	9.231	-1.666	0.697
1.500000932e12	2.291	4.242	-7.241	3.546
1.500000933e12	-2.335	8.855	-4.283	-9.426
1.500000934e12	-0.4736	-0.968	-6.873	-9.362
1.500000935e12	7.668	-1.37	-1.764	-4.031
1.500000936e12	-2.426	4.719	1.205	-5.17
1.500000937e12	0.5884	-1.492	-9.191	-6.539
1.500000938e12	5.851	-2.351	7.716	7.937
1.500000939e12	-2.744	1.129	-2.925	-2.1
1.50000094e12	-3.417	0.6006	3.604	5.376
1.500000941e12	7.8	-0.5872	-3.562	9.995
1.500000942e12	1.639	-0.5371	7.068	1.138
1.500000943e12	-4.678	1.01	5.73	9.796
1.500000944e12	-4.275	-8.727	-6.493	2.552
1.500000945e12	-1.35	-4.711	-6.189	1.217
1.500000946e12	3.217	-6.973	-5.869	-8.174
1.500000947e12	1.514	0.4175	8.409	-1.926
1.500000948e12	9.489	-4.768	-0.4749	-2.878
1.500000949e12	-6.483	-0.9741	2.04	-9.241
1.50000095e12	3.837	-8.268	-8.024	-4.628
1.500000951e12	2.361	2.473	4.712	6.866
1.500000952e12	-6.558	-0.2014	-2.811	-3.591
1.500000953e12	1.703	-9.899	-2.988	3.467
1.500000954e12	-1.35	-2.286	2.897	-7.931
1.500000955e12	6.959	1.035	-6.465	2.572
1.500000956e12	-5.258	0.7068	-0.7446	4.076
1.500000957e12	8.29	-9.351	-8.363	-5.524
1.500000958e12	8.01	-0.2441	-8.497	-1.642
1.500000959e12	-6.405	6.796	-0.863	-8.605
1.50000096e12	5.474	-3.817	-0.9998	9.291
1.500000961e12	6.628	0.719	0.769	-2.556
1.500000962e12	-5.255	9.069	-7.642	-0.1111
1.500000963e12	-6.445	7.509	9.397	9.689
1.500000964e12	6.362	-4.376	-4.558	-1.047
1.500000965e12	-6.897	7.133	2.826	-6.736
1.500000966e12	-4.41	-6.13	6.769	-9.613
1.500000967e12	1.565	-3.279	-4.342	8.171
1.500000968e12	0.2466	-2.142	1.681	-6.364
1.500000969e12	-8.517	0.9033	-3.86	3.031
1.50000097e12	1.145	5.165	-9.954	-4.862
1.500000971e12	-7.169	-2.905	-0.06714	4.103
1.500000972e12	-8.787	-7.191	-8.026	-9.432
1.500000973e12	-8.381	6.039	2.097	8.584
1.500000974e12	3.28	4.113	-8.156	-5.491
1.500000975e12	-8.275	1.803	-1.113	7.345
1.500000976e12	-9.387	-5.852	-3.525	-3.289
1.500000977e12	3.6	-7.33	1.591	-2.22
1.500000978e12	-8.51	3.23	0.6079	-3.066
1.500000979e12	4.731	0.9766	1.772	4.76
1.50000098e12	3.307	-5.363	9.977	-7.677
1.500000981e12	-8.928	-7.272	-7.173	-6.595
1.500000982e12	-9.564	5.245	5.875	-8.322
1.500000983e12	8.885	8.621	8.8	4.875
1.500000984e12	-7.404	8.602	-6.27	-4.813
1.500000985e12	-5.864	5.32	3.154	9.902
1.500000986e12	3.989	-3.632	-6.696	-2.388
1.500000987e12	-5.417	0.4102	5.485	-2.715
1.500000988e12	3.94	9.445	0.9375	-4.926
1.500000989e12	-4.185	5.71	6.83	4.427
1.50000099e12	-9.207	-9.935	-2.837	-8.665
1.500000991e12	-2.781	-7.015	6.653	6.947
1.500000992e12	3.109	4.364	-1.333	0.271
1.500000993e12	1.772	4.108	1.062	4.491
1.500000994e12	9.094	2.297	9.849	-3.612
1.500000995e12	-0.2368	5.731	-2.627	5.635
1.500000996e12	-9.037	-7.821	7.677	-0.1367
1.500000997e12	4.446	3.774	-3.262	-2.589
1.500000998e12	-0.8228	6.096	-7.925	7.582
1.500000999e12	1.683	5.608	-5.399	-4.287
1.500001e12	-1.03	8.986	-4.358	7.001
1.500001001e12	-8.029	-7.251	-8.894	5.596
1.500001002e12	6.25	5.702	-9.58	8.6
1.500001003e12	2.391	8.074	6.138	9.833
1.500001004e12	8.601	2.419	-5.179	-9.176
1.500001005e12	3.79	2.827	9.214	-2.223
1.500001006e12	1.637	-0.166	9.315	-7.528
1.500001007e12	-3.6	0.5249	0.1257	-5.97
1.500001008e12	8.639	1.084	3.21	0.614
1.500001009e12	-3.369	0.3906	8.485	4.275
1.50000101e12	3.728	-6.018	-7.494	-8.894
1.500001011e12	-3.264	8.458	-2.882	-3.481
1.500001012e12	-3.146	6.135	7.354	0.1819
1.500001013e12	8.933	-8.357	-8.944	2.334
1.500001014e12	5.249	-2.959	-1.562	5.721
1.500001015e12	1.19	-8.091	-1.624	-3.062
1.500001016e12	8.27	7.959	7.831	-4.447
1.500001017e12	1.373	-1.307	4.937	5.327
1.500001018e12	6.417	-6.498	-7.263	-5.09
1.500001019e12	-7.462	-7.228	-8.63	4.041
1.50000102e12	8.196	-3.041	-2.855	-4.508
1.500001021e12	-5.439	-8.61	-8.483	5.284
1.500001022e12	6.454	7.245	4.807	-1.559
1.500001023e12	-6.295	9.958	4.321	2.677
1.500001024e12	0.2209	-7.391	-8.64	-3.551
1.500001025e12	-4.332	9.835	-0.4053	3.132
1.500001026e12	0.8752	7.676	8.298	0.3674
1.500001027e12	-0.09155	-2.347	-9.125	-8.317
1.500001028e12	-4.237	0.04639	3.434	-0.155
1.500001029e12	-1.763	3.641	-1.965	3.354
1.50000103e12	-1.694	-3.427	9.02	3.401
1.500001031e12	0.01709	3.767	9.694	3.602
1.500001032e12	8.197	-0.4834	-9.504	3.213
1.500001033e12	-0.1379	-8.597	-8.542	7.134
1.500001034e12	-7.175	-9.908	-4.906	-0.9595
1.500001035e12	-6.713	9.143	7.863	-8.851
1.500001036e12	6.863	6.511	0.1111	-0.2722
1.500001037e12	-2.102	9.128	2.706	-8.21
1.500001038e12	-2.434	1.299	4.573	1.003
1.500001039e12	-0.3223	9.545	-1.311	5.916
1.50000104e12	-4.592	4.359	2.528	0.2612
1.500001041e12	-5.392	-3.237	3.656	1.15
1.500001042e12	-4.895	-1.613	7.048	-5.028
1.500001043e12	7.384	-8.188	-5.22	2.166
1.500001044e12	-7.408	-7.515	4.277	0.957
1.500001045e12	0.8826	-9.152	-7.799	-2.091
1.500001046e12	-0.05615	7.731	6.002	1.848
1.500001047e12	7.367	8.278	2.979	-4.651
1.500001048e12	2.365	-4.343	8.384	-2.03
1.500001049e12	-0.7373	-1.83	-8.02	-0.647
1.50000105e12	2.465	-2.631	-1.024	0.5701
1.500001051e12	0.1831	6.451	9.752	-6.071
1.500001052e12	-7.854	-5.913	-6.831	0.8618
1.500001053e12	-9.333	-0.8154	-3.787	-1.447
1.500001054e12	2.631	6.661	-7.072	-2.827
1.500001055e12	6.639	2.872	-4.474	-4.203
1.500001056e12	3.849	-6.61	6.719	0.3357
1.500001057e12	-6.591	1.879	5.052	8.596
1.500001058e12	3.685	8.646	1.03	5.555
1.500001059e12	-1.005	7.211	9.285	-4.413
1.50000106e12	6.476	-1.733	-7.362	-1.758
1.500001061e12	3.657	0.6384	7.823	-6.594
1.500001062e12	-2.35	5.648	-2.754	-9.923
1.500001063e12	0.9412	-4.37	-0.03662	8.999
1.500001064e12	8.208	-0.8044	-7.913	5.557
1.500001065e12	-4.454	-3.296	5.312	1.642
1.500001066e12	7.847	-1.58	9.812	-5.588
1.500001067e12	-0.1501	0.21	2.288	0.1929
1.500001068e12	-6.122	-1.476	-8.524	9.481
1.500001069e12	2.888	5.077	6.343	5.419
1.50000107e12	3.914	-4.526	3.521	-1.597
1.500001071e12	8.63	0.5786	-6.654	2.432
1.500001072e12	-5.753	8.394	-4.94	7.786
1.500001073e12	-1.255	-5.931	-3.588	9.467
1.500001074e12	9.058	7.867	-8.899	-7.81
1.500001075e12	-5.024	1.241	5.658	2.632
1.500001076e12	3.846	7.755	-9.648	3.984
1.500001077e12	4.316	4.72	-3.401	0.1599
1.500001078e12	-6.102	7.164	-3.647	-2.959
1.500001079e12	1.682	-9.801	-7.218	-1.591
1.50000108e12	-5.917	-5.128	-8.439	-1.553
1.500001081e12	3.669	-1.235	-2.1	7.642
1.500001082e12	7.607	-5.468	-8.967	-0.4993
1.500001083e12	-5.941	6.031	-6.039	-2.859
1.500001084e12	5.144	-6.276	-0.4919	-7.567
1.500001085e12	2.606	-4.677	3.922	2.155
1.500001086e12	3.715	8.331	-1.415	4.224
1.500001087e12	4.581	6.978	5.822	8.809
1.500001088e12	-0.08423	1.599	5.565	-5.837
1.500001089e12	-0.3967	-3.359	-7.441	2.147
1.50000109e12	8.849	-5.966	8.265	2.831
1.500001091e12	-2.479	-4.379	-3.044	6.794
1.500001092e12	5.992	-3.658	-4.116	5.663
1.500001093e12	1.951	3.932	6.443	-9.569
1.500001094e12	-6.705	-2.673	-8.973	7.932
1.500001095e12	7.201	4.047	-1.636	-2.843
1.500001096e12	4.885	-3.956	-4.69	7.605
1.500001097e12	9.905	1.578	9.337	-8.501
1.500001098e12	9.263	-2.188	5.045	-3.518
1.500001099e12	-4.078	-6.229	-6.769	-8.523
1.5000011e12	6.572	1.356	-7.849	3.126
1.500001101e12	3.577	9.312	-3.109	-3.817
1.500001102e12	5.792	2.134	-6.483	7.229
1.500001103e12	-2.798	-6.033	3.943	-8.271
1.500001104e12	5.3	1.703	1.019	8.949
1.500001105e12	5.396	-1.121	-0.144	0.3064
1.500001106e12	-6.268	-9.469	-2.341	-7.406
1.500001107e12	3.433	6.052	-8.022	-2.563
1.500001108e12	-2.361	3.296	7.623	-2.705
1.500001109e12	-6.696	-6.357	2.952	6.29
1.50000111e12	-3.916	-9.634	3.523	-0.3613
1.500001111e12	-2.708	6.875	9.019	-0.5518
1.500001112e12	7.959	1.726	-5.859	8.563
1.500001113e12	-0.01343	-3.352	5.605	2.108
1.500001114e12	5.492	-6.571	-3.287	8.219
1.500001115e12	5.038	-6.449	7.465	-7.936
1.500001116e12	0.791	-7.002	6.586	1.997
1.500001117e12	0.4846	0.3198	5.446	-8.187
1.500001118e12	-9.376	7.93	-6.254	-0.144
1.500001119e12	7.507	7.803	-4.136	9.805
1.50000112e12	1.57	-0.9143	-8.977	2.273
1.500001121e12	6.4	7.467	2.836	-5.261
1.500001122e12	-3.685	-3.632	-5.157	-4.88
1.500001123e12	2.321	-9.727	1.144	7.961
1.500001124e12	-3.915	6.915	8.807	-6.193
1.500001125e12	-1.965	-0.9277	-3.954	0.9094
1.500001126e12	3.595	-1.216	-8.804	-4.294
1.500001127e12	5.531	-6.99	0.1868	-1.526
1.500001128e12	1.118	5.834	-5.358	8.118
1.500001129e12	-3.685	6.548	5.017	4.624
1.50000113e12	-4.882	9.374	-6.766	7.897
1.500001131e12	-7.054	8.624	-2.969	6.505
1.500001132e12	-4.417	5.627	-2.705	-5.321
1.500001133e12	8.14	9.379	-6.194	8.113
1.500001134e12	-1.969	-7.82	7.126	5.892
1.500001135e12	8.119	6.216	-1.545	7.457
1.500001136e12	-8.872	8.661	-8.593	9.877
1.500001137e12	-2.77	-5.302	-1.012	-2.14
1.500001138e12	7.649	-9.923	-7.236	4.857
1.500001139e12	-8.807	5.087	-6.288	-7.268
1.50000114e12	2.947	1.461	6.404	0.7837
1.500001141e12	-1.709	-9.03	-0.3662	6.674
1.500001142e12	8.829	-4.728	1.473	-7.032
1.500001143e12	-7.754	-9.62	-6.963	-4.16
1.500001144e12	-0.7739	2.66	-1.862	-4.32
1.500001145e12	3.104	1.509	-5.542	-2.195
1.500001146e12	1.923	4.086	4.572	-3.337
1.500001147e12	-2.825	2.495	0.4822	-3.489
1.500001148e12	-7.292	-4.606	-0.04517	-6.523
1.500001149e12	0.1953	-0.3796	9.542	8.154
1.50000115e12	5.177	-5.337	-7.589	-3.497
1.500001151e12	8.488	-3.596	8.794	-3.962
1.500001152e12	-0.4578	1.156	0.08545	-4.675
1.500001153e12	-4.835	8.085	3.987	-3.115
1.500001154e12	6.953	-6.748	4.913	5.035
1.500001155e12	-4.202	-3.579	6.989	-5.779
1.500001156e12	-5.551	0.2246	-1.035	-5.796
1.500001157e12	5.778	3.988	0.625	-8.665
1.500001158e12	9.677	-3.691	-0.5945	5.226
1.500001159e12	0.1025	-9.955	-9.054	8.127
1.50000116e12	-7.582	3.593	-7.561	-9.487
1.500001161e12	-3.442	1.304	5.259	-6.406
1.500001162e12	6.653	3.658	7.928	-1.58
1.500001163e12	3.888	0.9534	3.263	-6.685
1.500001164e12	4.858	6.21	7.666	0.3345
1.500001165e12	8.152	6.842	8.903	-1.725
1.500001166e12	1.401	-2.231	-3.052	-8.307
1.500001167e12	8.199	-3.423	7.963	-0.8374
1.500001168e12	-1.038	6.228	4.57	3.198
1.500001169e12	-7.145	-6.926	0.1636	4.79
1.50000117e12	-6.313	-9.326	-0.1392	2.516
1.500001171e12	8.409	-1.104	6.296	6.062
1.500001172e12	5.468	-4.249	4.028	7.028
1.500001173e12	-2.106	-7.281	-2.806	-7.316
1.500001174e12	-5.251	-3.792	-0.08301	7.618
1.500001175e12	3.954	-0.8679	-1.29	-6.
1.500001176e12	2.606	9.958	-5.415	2.46
1.500001177e12	-1.49	-3.344	1.586	-1.484
1.500001178e12	3.938	-8.888	3.218	5.076
1.500001179e12	0.4126	-2.759	-6.053	-2.71
1.50000118e12	-0.3918	1.89	9.1	8.944
1.500001181e12	-4.967	6.379	9.811	8.656
1.500001182e12	-3.822	-3.76	2.891	-7.743
1.500001183e12	0.2856	-7.422	5.027	-0.1941
1.500001184e12	4.137	2.058	2.863	-8.025
1.500001185e12	4.159	-5.354	2.28	-0.8081
1.500001186e12	-4.63	4.435	5.586	-3.627
1.500001187e12	0.05127	8.364	-4.091	8.733
1.500001188e12	8.351	-8.13	7.469	-1.208
1.500001189e12	2.552	-7.98	-3.702	-9.717
1.50000119e12	3.49	-5.212	-1.208	7.274
1.500001191e12	-9.205	2.982	-3.928	5.197
1.500001192e12	-0.7617	-1.921	5.232	-3.206
1.500001193e12	1.091	-9.495	-8.356	-7.301
1.500001194e12	-0.1282	-9.724	-1.215	8.979
1.500001195e12	-4.88	-9.486	0.6299	-6.158
1.500001196e12	-6.829	-0.9521	8.38	-1.676
1.500001197e12	9.672	0.03296	5.668	-5.913
1.500001198e12	4.882	6.698	4.895	-5.034
1.500001199e12	-0.5432	-2.538	3.01	7.764
1.5000012e12	9.949	4.283	-7.871	-4.158
1.500001201e12	6.245	-2.48	-9.098	-4.633
1.500001202e12	6.538	-3.077	-3.121	3.192
1.500001203e12	-6.792	3.048	0.5774	3.323
1.500001204e12	4.917	5.946	2.017	6.954
1.500001205e12	-4.697	0.708	1.665	-8.955
1.500001206e12	2.809	5.947	-7.55	-4.75
1.500001207e12	-4.238	5.493	-9.524	-6.257
1.500001208e12	3.503	6.473	-4.838	-4.44
1.500001209e12	-0.9204	-3.824	0.5322	8.356
1.50000121e12	1.437	-7.373	-8.955	3.867
1.500001211e12	-7.555	8.984	-3.954	-4.479
1.500001212e12	3.053	0.3894	-7.882	-0.686
1.500001213e12	4.878	1.687	-6.735	-0.1331
1.500001214e12	-0.7837	3.91	-3.048	9.926
1.500001215e12	-4.257	-3.268	-9.495	9.496
1.500001216e12	-8.168	0.116	-3.033	4.872
1.500001217e12	0.1184	-5.702	-0.4224	1.82
1.500001218e12	1.627	2.651	4.496	-6.829
1.500001219e12	7.014	-8.177	-1.459	-8.702
1.50000122e12	5.051	2.394	6.555	-8.435
1.500001221e12	-7.812	1.587	-7.671	-8.627
1.500001222e12	0.6531	9.634	-8.705	-7.888
1.500001223e12	-9.998	1.047	-6.39	9.663
1.500001224e12	0.3992	-7.82	-5.668	-2.621
1.500001225e12	3.463	-6.041	-5.709	-0.2551
1.500001226e12	7.877	8.295	-9.862	-8.812
1.500001227e12	5.159	4.641	1.495	-5.842
1.500001228e12	4.76	9.036	1.401	6.373
1.500001229e12	9.554	-9.603	9.534	-5.287
1.50000123e12	3.417	-2.888	9.991	-1.158
1.500001231e12	1.447	7.795	-7.889	6.858
1.500001232e12	5.653	-7.694	-2.7	-4.788
1.500001233e12	-9.431	5.844	-6.191	1.522
1.500001234e12	2.206	4.628	8.845	-3.846
1.500001235e12	5.192	5.168	-9.081	2.57
1.500001236e12	0.1257	-5.883	-7.092	-8.958
1.500001237e12	7.62	5.852	-1.361	-4.639
1.500001238e12	8.317	-4.105	-5.193	9.156
1.500001239e12	6.239	4.321	2.284	0.8801
1.50000124e12	-3.564	-8.59	6.27	-5.802
1.500001241e12	-2.865	-6.722	3.046	0.1587
1.500001242e12	8.932	2.711	5.815	-1.464
1.500001243e12	-6.658	-3.063	2.318	1.976
1.500001244e12	0.7629	3.417	-6.036	-5.465
1.500001245e12	5.952	8.525	5.405	0.7385
1.500001246e12	-4.176	-8.81	-4.6	-2.133
1.500001247e12	-6.201	5.096	0.3137	-2.191
1.500001248e12	1.503	-9.55	-6.455	7.782
1.500001249e12	7.144	9.76	8.87	0.4346
1.50000125e12	-5.286	-5.558	-9.657	-2.948
1.500001251e12	8.262	5.699	-5.436	6.543
1.500001252e12	0.5933	-8.923	-7.212	-3.942
1.500001253e12	-3.883	7.83	5.963	2.218
1.500001254e12	-7.887	2.715	7.289	5.978
1.500001255e12	0.4871	-9.091	-7.108	-8.644
1.500001256e12	9.63	-7.286	5.005	-2.391
1.500001257e12	-5.364	-5.006	5.16	-2.091
1.500001258e12	9.447	-7.977	-9.664	-0.564
1.500001259e12	5.343	0.1782	0.6921	-1.82
1.50000126e12	3.638	-6.824	5.868	-7.877
1.500001261e12	7.224	-7.72	2.839	-9.497
1.500001262e12	-4.166	4.093	4.437	-7.852
1.500001263e12	-2.389	-7.612	-2.192	1.849
1.500001264e12	5.607	3.003	4.174	-7.516
1.500001265e12	-0.9375	6.346	8.262	-2.396
1.500001266e12	6.597	4.159	-3.844	2.648
1.500001267e12	-1.471	-4.17	-6.056	-0.7104
1.500001268e12	-7.39	-6.559	2.639	-2.69
1.500001269e12	6.851	-3.894	3.456	-2.217
1.50000127e12	7.664	7.667	4.934	-0.6323
1.500001271e12	2.35	-2.198	2.087	9.645
1.500001272e12	-6.254	-6.708	1.969	-6.77
1.500001273e12	-8.99	-2.632	-6.283	0.8313
1.500001274e12	0.03906	-0.06348	7.125	-0.9595
1.500001275e12	7.71	-5.38	8.004	9.535
1.500001276e12	-9.045	7.654	-7.162	-7.993
1.500001277e12	0.1001	-8.606	0.9949	-1.548
1.500001278e12	0.8569	-7.354	-3.752	0.4126
1.500001279e12	-5.885	-1.597	-9.221	4.585
1.50000128e12	6.859	-1.935	-7.959	-9.033
1.500001281e12	-7.255	7.996	2.275	-7.754
1.500001282e12	8.159	0.9912	1.743	-0.05859
1.500001283e12	7.843	-5.32	3.621	8.485
1.500001284e12	-9.629	-5.002	-6.143	1.68
1.500001285e12	7.344	-8.169	-1.713	-8.457
1.500001286e12	6.659	-4.399	-2.992	0.8459
1.500001287e12	-1.52	-3.783	-5.668	9.603
1.500001288e12	-8.181	-6.008	7.915	-8.611
1.500001289e12	-8.268	1.124	0.05981	-1.067
1.50000129e12	-8.799	-2.568	7.197	2.476
1.500001291e12	-2.666	5.939	1.573	9.923
1.500001292e12	-3.674	8.378	9.501	-3.883
1.500001293e12	-5.552	-3.403	-5.859	1.573
1.500001294e12	-1.039	3.549	-3.031	5.74
1.500001295e12	5.358	-2.672	-4.987	-4.766
1.500001296e12	2.585	7.423	7.772	-0.1697
1.500001297e12	-8.868	9.81	7.668	1.564
1.500001298e12	-7.108	5.153	7.163	-7.36
1.500001299e12	-6.722	-9.009	-2.415	3.046
1.5000013e12	-3.884	6.01	-1.543	-2.301
1.500001301e12	1.274	-7.102	4.985	-5.408
1.500001302e12	5.516	-9.032	6.505	1.788
1.500001303e12	3.539	3.94	-4.153	6.107
1.500001304e12	-4.196	-6.172	5.107	4.071
1.500001305e12	7.495	1.119	9.829	-3.302
1.500001306e12	2.462	-4.254	-7.767	-5.833
1.500001307e12	0.1807	5.608	-5.701	-4.615
1.500001308e12	3.69	6.838	-2.765	-4.829
1.500001309e12	-2.878	-9.36	4.524	7.385
1.50000131e12	2.158	5.514	9.323	7.694
1.500001311e12	-8.363	-9.88	6.661	-1.932
1.500001312e12	2.373	2.981	0.9277	0.7507
1.500001313e12	-3.76	9.888	1.82	8.328
1.500001314e12	-0.8313	5.403	-8.875	6.318
1.500001315e12	-6.746	9.058	-4.232	-6.061
1.500001316e12	9.495	-0.8496	3.856	3.341
1.500001317e12	-4.207	2.77	-3.124	-7.189
1.500001318e12	6.759	-9.952	-2.233	8.629
1.500001319e12	9.938	8.13	3.275	9.025
1.50000132e12	5.178	-8.683	-7.363	-0.78
1.500001321e12	-5.073	-4.178	-7.178	2.129
1.500001322e12	9.644	7.225	-0.592	-7.996
1.500001323e12	-9.613	1.892	-0.6873	8.286
1.500001324e12	-5.681	-0.459	-1.141	2.631
1.500001325e12	6.024	-2.029	2.389	-0.7092
1.500001326e12	-0.658	-7.577	5.15	8.885
1.500001327e12	-9.113	1.841	-9.554	0.813
1.500001328e12	8.009	0.7886	-4.214	-9.196
1.500001329e12	-1.326	-9.539	7.454	-2.045
1.50000133e12	-3.84	6.742	-1.517	9.642
1.500001331e12	-9.432	-5.912	3.457	-4.867
1.500001332e12	-2.749	-2.256	-0.52	9.718
1.500001333e12	-5.985	-6.75	-0.06104	0.6848
1.500001334e12	7.928	7.118	9.276	-4.082
1.500001335e12	-0.3064	-9.086	-3.586	-7.942
1.500001336e12	7.998	-7.527	-8.624	-7.128
1.500001337e12	-3.523	6.357	-0.2539	-8.206
1.500001338e12	9.587	6.571	4.543	9.769
1.500001339e12	-4.003	9.856	-7.466	1.566
1.50000134e12	8.197	-1.007	-1.312	-6.953
1.500001341e12	-3.347	-9.912	8.313	-1.272
1.500001342e12	-8.947	-7.131	8.339	-1.892
1.500001343e12	-0.5176	-6.62	0.6018	6.23
1.500001344e12	8.821	-8.204	-2.245	3.973
1.500001345e12	7.979	-5.167	-8.789	-1.694
1.500001346e12	-1.88	3.157	-6.696	-8.74
1.500001347e12	8.291	0.2429	0.5713	-0.01709
1.500001348e12	-4.084	6.454	7.244	4.979
1.500001349e12	1.647	8.075	8.173	3.702
1.50000135e12	7.363	-1.108	7.604	-5.231
1.500001351e12	-4.902	3.438	0.9058	0.708
1.500001352e12	9.449	-2.567	-3.301	-8.459
1.500001353e12	8.549	-1.943	3.89	-3.184
1.500001354e12	1.019	-1.892	-3.312	-5.911
1.500001355e12	-2.34	-4.596	-4.379	2.069
1.500001356e12	7.297	5.461	1.37	-2.721
1.500001357e12	2.783	2.466	5.975	8.492
1.500001358e12	6.914	-0.04761	-1.479	-8.669
1.500001359e12	4.886	-1.72	-3.969	2.786
1.50000136e12	-6.359	8.672	4.877	-0.1526
1.500001361e12	1.521	-3.429	0.6555	-4.674
1.500001362e12	-3.992	2.115	-9.28	-4.175
1.500001363e12	-3.051	5.9	9.689	4.247
1.500001364e12	-3.782	-7.95	-0.6152	-0.7434
1.500001365e12	4.856	4.755	8.032	8.82
1.500001366e12	7.57	-1.329	-6.398	-5.067
1.500001367e12	8.943	-0.6824	1.033	-3.798
1.500001368e12	-5.541	1.586	-2.595	0.5225
1.500001369e12	3.436	7.72	1.218	-2.539
1.50000137e12	-3.778	-0.8862	9.011	2.339
1.500001371e12	4.078	-6.635	-4.454	-7.631
1.500001372e12	6.763	-2.374	2.203	7.118
1.500001373e12	-7.272	0.5029	-3.518	-3.269
1.500001374e12	9.836	8.158	7.778	-4.94
1.500001375e12	-5.557	0.8362	-9.376	8.287
1.500001376e12	4.113	3.698	-8.453	3.34
1.500001377e12	-1.736	9.769	2.686	2.762
1.500001378e12	7.26	4.584	0.1929	7.563
1.500001379e12	-8.802	1.876	4.924	2.805
1.50000138e12	1.671	9.539	9.885	-2.981
1.500001381e12	-9.078	-6.654	-1.951	-6.498
1.500001382e12	1.73	-1.943	0.6934	-0.1538
1.500001383e12	6.525	-3.468	-4.967	3.911
1.500001384e12	2.677	-7.136	-4.614	0.6946
1.500001385e12	-4.706	-3.798	1.281	4.465
1.500001386e12	9.817	7.987	2.445	4.271
1.500001387e12	1.418	-1.461	9.589	1.432
1.500001388e12	3.767	-4.418	-1.284	-2.512
1.500001389e12	0.2222	0.874	-5.796	6.523
1.50000139e12	7.979	-1.029	5.219	9.34
1.500001391e12	7.042	-1.865	-2.958	8.164
1.500001392e12	-8.243	8.428	9.164	3.861
1.500001393e12	-8.341	9.015	4.612	-1.135
1.500001394e12	-4.883	-8.954	-3.436	-5.564
1.500001395e12	-4.834	1.702	0.7629	-2.1
1.500001396e12	-1.558	8.807	-6.941	-7.646
1.500001397e12	7.131	6.693	0.5164	2.361
1.500001398e12	-2.069	5.846	3.22	9.393
1.500001399e12	2.062	-9.739	9.977	7.072
1.5000014e12	-1.624	-6.401	1.654	6.832
1.500001401e12	-1.447	-5.126	-9.421	8.041
1.500001402e12	1.433	7.587	-2.052	-8.772
1.500001403e12	-7.588	3.927	8.678	5.042
1.500001404e12	4.88	-4.017	-4.733	-1.078
1.500001405e12	-4.806	-1.317	2.582	1.648
1.500001406e12	-1.953	5.594	-8.542	9.585
1.500001407e12	6.077	-2.19	-9.54	8.776
1.500001408e12	0.686	2.782	-4.501	-0.2832
1.500001409e12	7.588	6.534	-7.93	-4.813
1.50000141e12	0.2979	2.611	8.104	-2.878
1.500001411e12	9.481	5.029	1.843	5.289
1.500001412e12	9.435	-6.008	5.231	-6.029
1.500001413e12	-4.719	-0.9155	2.502	6.748
1.500001414e12	8.06	-0.741	-9.836	0.5322
1.500001415e12	3.202	0.6458	-5.452	-6.034
1.500001416e12	-2.117	-5.331	8.491	0.2747
1.500001417e12	7.206	4.347	4.115	3.022
1.500001418e12	-2.014	7.581	8.424	4.395
1.500001419e12	7.297	-4.327	-7.566	2.999
1.50000142e12	-4.197	-0.1587	-0.3845	8.113
1.500001421e12	-2.076	-2.017	-8.528	8.229
1.500001422e12	-9.722	-6.019	-8.293	-1.97
1.500001423e12	-4.352	0.8679	2.898	-0.343
1.500001424e12	-9.075	-7.716	0.6287	-5.638
1.500001425e12	0.6506	-6.675	-4.061	-8.097
1.500001426e12	-4.463	6.586	9.2	8.944
1.500001427e12	4.752	0.3198	-8.345	-7.174
1.500001428e12	2.894	8.038	9.265	-9.965
1.500001429e12	-9.661	-3.972	2.521	6.957
1.50000143e12	-3.708	-6.431	-0.01465	1.445
1.500001431e12	-2.869	5.963	-3.756	8.718
1.500001432e12	6.006	-4.412	-5.762	1.129
1.500001433e12	-5.518	3.956	-1.091	-6.737
1.500001434e12	-8.766	2.203	0.3235	-6.047
1.500001435e12	-0.6116	5.07	-2.958	4.369
1.500001436e12	-7.797	0.7776	8.743	-2.012
1.500001437e12	2.557	-9.558	4.226	-2.317
1.500001438e12	4.493	1.106	3.65	5.281
1.500001439e12	-3.372	9.492	-0.376	9.835
1.50000144e12	8.468	4.706	4.811	5.19
1.500001441e12	-6.526	-7.166	8.064	3.962
1.500001442e12	-9.38	-9.326	1.694	-3.927
1.500001443e12	-2.446	0.3589	2.113	8.354
1.500001444e12	-0.3503	9.518	5.778	-9.346
1.500001445e12	1.676	5.212	0.9473	-9.382
1.500001446e12	-0.9741	-9.431	-5.204	-5.586
1.500001447e12	5.712	9.761	-9.971	8.22
1.500001448e12	-7.12	7.99	-9.116	-6.555
1.500001449e12	7.111	-4.718	7.262	-2.484
1.50000145e12	-4.043	4.545	4.995	2.222
1.500001451e12	2.7	3.	-0.1501	7.654
1.500001452e12	-5.186	-0.7056	-4.109	7.969
1.500001453e12	-9.042	6.138	-5.059	-5.668
1.500001454e12	8.568	-5.604	-8.34	5.266
1.500001455e12	2.844	-8.676	-5.208	2.758
1.500001456e12	6.844	-1.143	3.667	-6.989
1.500001457e12	-7.307	-5.078	-5.557	-7.677
1.500001458e12	9.353	9.02	-3.749	-3.994
1.500001459e12	0.1526	-6.229	-7.533	8.644
1.50000146e12	7.085	2.479	8.85	8.109
1.500001461e12	-0.4602	-3.895	0.3442	-8.788
1.500001462e12	-0.9106	-0.8105	-0.7288	5.311
1.500001463e12	-8.735	4.674	-5.729	1.176
1.500001464e12	-3.433	4.008	-3.541	5.891
1.500001465e12	2.732	0.8704	5.947	5.43
1.500001466e12	-1.479	4.945	2.631	-6.136
1.500001467e12	9.23	-0.5005	-10.	8.817
1.500001468e12	-7.426	7.942	6.451	-5.016
1.500001469e12	-7.078	2.333	4.96	-5.649
1.50000147e12	-2.08	-2.499	5.782	5.496
1.500001471e12	-2.231	-5.054	-7.087	-6.018
1.500001472e12	1.603	-0.5933	-7.798	4.78
1.500001473e12	-3.848	3.188	6.117	-5.879
1.500001474e12	2.601	-2.369	-4.625	5.187
1.500001475e12	7.349	-0.6726	-2.026	-1.919
1.500001476e12	2.192	-9.629	-7.228	-8.297
1.500001477e12	1.309	-9.718	7.922	-4.37
1.500001478e12	-4.845	5.322	7.385	3.813
1.500001479e12	-3.949	-1.545	8.013	-2.063
1.50000148e12	-5.411	0.4333	8.158	-6.488
1.500001481e12	4.111	6.044	7.13	7.875
1.500001482e12	-6.201	3.612	6.721	-1.252
1.500001483e12	3.929	-3.569	4.437	7.036
1.500001484e12	-4.955	-0.7178	8.497	-6.725
1.500001485e12	5.656	-7.268	7.731	-0.7361
1.500001486e12	0.7727	3.721	4.689	2.528
1.500001487e12	-2.72	7.244	3.033	-9.54
1.500001488e12	-0.4724	9.523	5.298	8.822
1.500001489e12	-9.744	-9.818	-1.851	9.283
1.50000149e12	9.838	9.651	-3.243	-0.5896
1.500001491e12	-3.829	6.206	-0.8728	-1.387
1.500001492e12	6.226	-2.386	-5.059	-7.717
1.500001493e12	6.823	9.353	-9.014	6.45
1.500001494e12	0.8569	-4.761	8.711	4.576
1.500001495e12	7.92	-4.141	-4.921	-4.27
1.500001496e12	-8.768	-1.547	2.899	-2.849
1.500001497e12	-3.677	-1.292	2.02	8.113
1.500001498e12	5.779	-1.674	6.75	-9.388
1.500001499e12	-5.574	-5.609	5.189	-8.501
1.5000015e12	3.281	-1.403	-0.26	6.061